{"mode":"cylinder","arg":null,"frames":[{"t":0.1,"n":[{"s":"DIV.pack-carousel-cylinder#black-pack-icon.webp","tr":"matrix3d(-0.5, 0, 0.866025, 0, 0, 1, 0, 0, -0.866025, 0, -0.5, 0, 0, 0, 0, 1)","o":1,"x":720,"y":437,"w":0,"h":0}]},{"t":16.8,"n":[{"s":"DIV.pack-carousel-cylinder#black-pack-icon.webp","tr":"matrix3d(-0.5, 0, 0.866025, 0, 0, 1, 0, 0, -0.866025, 0, -0.5, 0, 0, 0, 0, 1)","o":1,"x":720,"y":437,"w":0,"h":0}]},{"t":34.5,"n":[{"s":"DIV.pack-carousel-cylinder#black-pack-icon.webp","tr":"matrix3d(-0.5, 0, 0.866025, 0, 0, 1, 0, 0, -0.866025, 0, -0.5, 0, 0, 0, 0, 1)","o":1,"x":720,"y":437,"w":0,"h":0}]},{"t":50.6,"n":[{"s":"DIV.pack-carousel-cylinder#black-pack-icon.webp","tr":"matrix3d(-0.5, 0, 0.866025, 0, 0, 1, 0, 0, -0.866025, 0, -0.5, 0, 0, 0, 0, 1)","o":1,"x":720,"y":437,"w":0,"h":0}]},{"t":67.8,"n":[{"s":"DIV.pack-carousel-cylinder#black-pack-icon.webp","tr":"matrix3d(-0.5, 0, 0.866025, 0, 0, 1, 0, 0, -0.866025, 0, -0.5, 0, 0, 0, 0, 1)","o":1,"x":720,"y":437,"w":0,"h":0}]},{"t":83.3,"n":[{"s":"DIV.pack-carousel-cylinder#black-pack-icon.webp","tr":"matrix3d(-0.744847, 0, 0.667235, 0, 0, 1, 0, 0, -0.667235, 0, -0.744847, 0, 0, 0, 0, 1)","o":1,"x":720,"y":437,"w":0,"h":0}]},{"t":100.1,"n":[{"s":"DIV.pack-carousel-cylinder#black-pack-icon.webp","tr":"matrix3d(-0.913829, 0, 0.406099, 0, 0, 1, 0, 0, -0.406099, 0, -0.913829, 0, 0, 0, 0, 1)","o":1,"x":720,"y":437,"w":0,"h":0}]},{"t":120.7,"n":[{"s":"DIV.pack-carousel-cylinder#black-pack-icon.webp","tr":"matrix3d(-0.994338, 0, 0.106264, 0, 0, 1, 0, 0, -0.106264, 0, -0.994338, 0, 0, 0, 0, 1)","o":1,"x":720,"y":437,"w":0,"h":0}]},{"t":133.4,"n":[{"s":"DIV.pack-carousel-cylinder#black-pack-icon.webp","tr":"matrix3d(-0.979516, 0, -0.201369, 0, 0, 1, 0, 0, 0.201369, 0, -0.979516, 0, 0, 0, 0, 1)","o":1,"x":720,"y":437,"w":0,"h":0}]},{"t":150.8,"n":[{"s":"DIV.pack-carousel-cylinder#black-pack-icon.webp","tr":"matrix3d(-0.873883, 0, -0.486137, 0, 0, 1, 0, 0, 0.486137, 0, -0.873883, 0, 0, 0, 0, 1)","o":1,"x":720,"y":437,"w":0,"h":0}]},{"t":167,"n":[{"s":"DIV.pack-carousel-cylinder#black-pack-icon.webp","tr":"matrix3d(-0.689392, 0, -0.724388, 0, 0, 1, 0, 0, 0.724388, 0, -0.689392, 0, 0, 0, 0, 1)","o":1,"x":720,"y":437,"w":0,"h":0}]},{"t":183.4,"n":[{"s":"DIV.pack-carousel-cylinder#black-pack-icon.webp","tr":"matrix3d(-0.442868, 0, -0.896587, 0, 0, 1, 0, 0, 0.896587, 0, -0.442868, 0, 0, 0, 0, 1)","o":1,"x":720,"y":437,"w":0,"h":0}]},{"t":203.3,"n":[{"s":"DIV.pack-carousel-cylinder#black-pack-icon.webp","tr":"matrix3d(-0.158692, 0, -0.987328, 0, 0, 1, 0, 0, 0.987328, 0, -0.158692, 0, 0, 0, 0, 1)","o":1,"x":720,"y":437,"w":0,"h":0}]},{"t":217.1,"n":[{"s":"DIV.pack-carousel-cylinder#black-pack-icon.webp","tr":"matrix3d(0.13722, 0, -0.990541, 0, 0, 1, 0, 0, 0.990541, 0, 0.13722, 0, 0, 0, 0, 1)","o":1,"x":720,"y":437,"w":0,"h":0}]},{"t":235.5,"n":[{"s":"DIV.pack-carousel-cylinder#black-pack-icon.webp","tr":"matrix3d(0.417312, 0, -0.908763, 0, 0, 1, 0, 0, 0.908763, 0, 0.417312, 0, 0, 0, 0, 1)","o":1,"x":720,"y":437,"w":0,"h":0}]},{"t":250.4,"n":[{"s":"DIV.pack-carousel-cylinder#black-pack-icon.webp","tr":"matrix3d(0.661417, 0, -0.750019, 0, 0, 1, 0, 0, 0.750019, 0, 0.661417, 0, 0, 0, 0, 1)","o":1,"x":720,"y":437,"w":0,"h":0}]},{"t":267.9,"n":[{"s":"DIV.pack-carousel-cylinder#black-pack-icon.webp","tr":"matrix3d(0.848187, 0, -0.529697, 0, 0, 1, 0, 0, 0.529697, 0, 0.848187, 0, 0, 0, 0, 1)","o":1,"x":720,"y":437,"w":0,"h":0}]},{"t":283.7,"n":[{"s":"DIV.pack-carousel-cylinder#black-pack-icon.webp","tr":"matrix3d(0.963565, 0, -0.267474, 0, 0, 1, 0, 0, 0.267474, 0, 0.963565, 0, 0, 0, 0, 1)","o":1,"x":720,"y":437,"w":0,"h":0}]},{"t":300.4,"n":[{"s":"DIV.pack-carousel-cylinder#black-pack-icon.webp","tr":"matrix3d(0.99992, 0, 0.0126358, 0, 0, 1, 0, 0, -0.0126358, 0, 0.99992, 0, 0, 0, 0, 1)","o":1,"x":720,"y":437,"w":0,"h":0}]},{"t":318.3,"n":[{"s":"DIV.pack-carousel-cylinder#black-pack-icon.webp","tr":"matrix3d(0.956682, 0, 0.291136, 0, 0, 1, 0, 0, -0.291136, 0, 0.956682, 0, 0, 0, 0, 1)","o":1,"x":720,"y":437,"w":0,"h":0}]},{"t":333.8,"n":[{"s":"DIV.pack-carousel-cylinder#black-pack-icon.webp","tr":"matrix3d(0.839629, 0, 0.54316, 0, 0, 1, 0, 0, -0.54316, 0, 0.839629, 0, 0, 0, 0, 1)","o":1,"x":720,"y":437,"w":0,"h":0}]},{"t":354.2,"n":[{"s":"DIV.pack-carousel-cylinder#black-pack-icon.webp","tr":"matrix3d(0.658217, 0, 0.752829, 0, 0, 1, 0, 0, -0.752829, 0, 0.658217, 0, 0, 0, 0, 1)","o":1,"x":720,"y":437,"w":0,"h":0}]},{"t":367.4,"n":[{"s":"DIV.pack-carousel-cylinder#black-pack-icon.webp","tr":"matrix3d(0.428304, 0, 0.903635, 0, 0, 1, 0, 0, -0.903635, 0, 0.428304, 0, 0, 0, 0, 1)","o":1,"x":720,"y":437,"w":0,"h":0}]},{"t":384.6,"n":[{"s":"DIV.pack-carousel-cylinder#black-pack-icon.webp","tr":"matrix3d(0.169866, 0, 0.985467, 0, 0, 1, 0, 0, -0.985467, 0, 0.169866, 0, 0, 0, 0, 1)","o":1,"x":720,"y":437,"w":0,"h":0}]},{"t":401.8,"n":[{"s":"DIV.pack-carousel-cylinder#black-pack-icon.webp","tr":"matrix3d(-0.0987987, 0, 0.995107, 0, 0, 1, 0, 0, -0.995107, 0, -0.0987987, 0, 0, 0, 0, 1)","o":1,"x":720,"y":437,"w":0,"h":0}]},{"t":416.7,"n":[{"s":"DIV.pack-carousel-cylinder#black-pack-icon.webp","tr":"matrix3d(-0.361234, 0, 0.932475, 0, 0, 1, 0, 0, -0.932475, 0, -0.361234, 0, 0, 0, 0, 1)","o":1,"x":720,"y":437,"w":0,"h":0}]},{"t":436.4,"n":[{"s":"DIV.pack-carousel-cylinder#black-pack-icon.webp","tr":"matrix3d(-0.592983, 0, 0.805215, 0, 0, 1, 0, 0, -0.805215, 0, -0.592983, 0, 0, 0, 0, 1)","o":1,"x":720,"y":437,"w":0,"h":0}]},{"t":450.9,"n":[{"s":"DIV.pack-carousel-cylinder#black-pack-icon.webp","tr":"matrix3d(-0.78288, 0, 0.622173, 0, 0, 1, 0, 0, -0.622173, 0, -0.78288, 0, 0, 0, 0, 1)","o":1,"x":720,"y":437,"w":0,"h":0}]},{"t":468.4,"n":[{"s":"DIV.pack-carousel-cylinder#black-pack-icon.webp","tr":"matrix3d(-0.917429, 0, 0.397901, 0, 0, 1, 0, 0, -0.397901, 0, -0.917429, 0, 0, 0, 0, 1)","o":1,"x":720,"y":437,"w":0,"h":0}]},{"t":484,"n":[{"s":"DIV.pack-carousel-cylinder#black-pack-icon.webp","tr":"matrix3d(-0.988665, 0, 0.150139, 0, 0, 1, 0, 0, -0.150139, 0, -0.988665, 0, 0, 0, 0, 1)","o":1,"x":720,"y":437,"w":0,"h":0}]},{"t":500.2,"n":[{"s":"DIV.pack-carousel-cylinder#black-pack-icon.webp","tr":"matrix3d(-0.994264, 0, -0.106958, 0, 0, 1, 0, 0, 0.106958, 0, -0.994264, 0, 0, 0, 0, 1)","o":1,"x":720,"y":437,"w":0,"h":0}]},{"t":519.8,"n":[{"s":"DIV.pack-carousel-cylinder#black-pack-icon.webp","tr":"matrix3d(-0.935432, 0, -0.353507, 0, 0, 1, 0, 0, 0.353507, 0, -0.935432, 0, 0, 0, 0, 1)","o":1,"x":720,"y":437,"w":0,"h":0}]},{"t":534.5,"n":[{"s":"DIV.pack-carousel-cylinder#black-pack-icon.webp","tr":"matrix3d(-0.816873, 0, -0.576817, 0, 0, 1, 0, 0, 0.576817, 0, -0.816873, 0, 0, 0, 0, 1)","o":1,"x":720,"y":437,"w":0,"h":0}]},{"t":556.4,"n":[{"s":"DIV.pack-carousel-cylinder#black-pack-icon.webp","tr":"matrix3d(-0.647748, 0, -0.761855, 0, 0, 1, 0, 0, 0.761855, 0, -0.647748, 0, 0, 0, 0, 1)","o":1,"x":720,"y":437,"w":0,"h":0}]},{"t":567.1,"n":[{"s":"DIV.pack-carousel-cylinder#black-pack-icon.webp","tr":"matrix3d(-0.441208, 0, -0.897405, 0, 0, 1, 0, 0, 0.897405, 0, -0.441208, 0, 0, 0, 0, 1)","o":1,"x":720,"y":437,"w":0,"h":0}]},{"t":583.5,"n":[{"s":"DIV.pack-carousel-cylinder#black-pack-icon.webp","tr":"matrix3d(-0.208356, 0, -0.978053, 0, 0, 1, 0, 0, 0.978053, 0, -0.208356, 0, 0, 0, 0, 1)","o":1,"x":720,"y":437,"w":0,"h":0}]},{"t":600.6,"n":[{"s":"DIV.pack-carousel-cylinder#black-pack-icon.webp","tr":"matrix3d(0.0335389, 0, -0.999437, 0, 0, 1, 0, 0, 0.999437, 0, 0.0335389, 0, 0, 0, 0, 1)","o":1,"x":720,"y":437,"w":0,"h":0}]},{"t":617.5,"n":[{"s":"DIV.pack-carousel-cylinder#black-pack-icon.webp","tr":"matrix3d(0.272834, 0, -0.962061, 0, 0, 1, 0, 0, 0.962061, 0, 0.272834, 0, 0, 0, 0, 1)","o":1,"x":720,"y":437,"w":0,"h":0}]},{"t":634.3,"n":[{"s":"DIV.pack-carousel-cylinder#black-pack-icon.webp","tr":"matrix3d(0.494276, 0, -0.869305, 0, 0, 1, 0, 0, 0.869305, 0, 0.494276, 0, 0, 0, 0, 1)","o":1,"x":720,"y":437,"w":0,"h":0}]},{"t":650.6,"n":[{"s":"DIV.pack-carousel-cylinder#black-pack-icon.webp","tr":"matrix3d(0.685704, 0, -0.72788, 0, 0, 1, 0, 0, 0.72788, 0, 0.685704, 0, 0, 0, 0, 1)","o":1,"x":720,"y":437,"w":0,"h":0}]},{"t":667.3,"n":[{"s":"DIV.pack-carousel-cylinder#black-pack-icon.webp","tr":"matrix3d(0.837156, 0, -0.546964, 0, 0, 1, 0, 0, 0.546964, 0, 0.837156, 0, 0, 0, 0, 1)","o":1,"x":720,"y":437,"w":0,"h":0}]},{"t":683.4,"n":[{"s":"DIV.pack-carousel-cylinder#black-pack-icon.webp","tr":"matrix3d(0.940828, 0, -0.338886, 0, 0, 1, 0, 0, 0.338886, 0, 0.940828, 0, 0, 0, 0, 1)","o":1,"x":720,"y":437,"w":0,"h":0}]},{"t":700.2,"n":[{"s":"DIV.pack-carousel-cylinder#black-pack-icon.webp","tr":"matrix3d(0.993578, 0, -0.113151, 0, 0, 1, 0, 0, 0.113151, 0, 0.993578, 0, 0, 0, 0, 1)","o":1,"x":720,"y":437,"w":0,"h":0}]},{"t":717,"n":[{"s":"DIV.pack-carousel-cylinder#black-pack-icon.webp","tr":"matrix3d(0.993175, 0, 0.116636, 0, 0, 1, 0, 0, -0.116636, 0, 0.993175, 0, 0, 0, 0, 1)","o":1,"x":720,"y":437,"w":0,"h":0}]},{"t":733.5,"n":[{"s":"DIV.pack-carousel-cylinder#black-pack-icon.webp","tr":"matrix3d(0.941488, 0, 0.337046, 0, 0, 1, 0, 0, -0.337046, 0, 0.941488, 0, 0, 0, 0, 1)","o":1,"x":720,"y":437,"w":0,"h":0}]},{"t":750,"n":[{"s":"DIV.pack-carousel-cylinder#black-pack-icon.webp","tr":"matrix3d(0.841897, 0, 0.539638, 0, 0, 1, 0, 0, -0.539638, 0, 0.841897, 0, 0, 0, 0, 1)","o":1,"x":720,"y":437,"w":0,"h":0}]},{"t":767.2,"n":[{"s":"DIV.pack-carousel-cylinder#black-pack-icon.webp","tr":"matrix3d(0.700859, 0, 0.713299, 0, 0, 1, 0, 0, -0.713299, 0, 0.700859, 0, 0, 0, 0, 1)","o":1,"x":720,"y":437,"w":0,"h":0}]},{"t":784.2,"n":[{"s":"DIV.pack-carousel-cylinder#black-pack-icon.webp","tr":"matrix3d(0.527579, 0, 0.849506, 0, 0, 1, 0, 0, -0.849506, 0, 0.527579, 0, 0, 0, 0, 1)","o":1,"x":720,"y":437,"w":0,"h":0}]},{"t":801,"n":[{"s":"DIV.pack-carousel-cylinder#black-pack-icon.webp","tr":"matrix3d(0.330531, 0, 0.943795, 0, 0, 1, 0, 0, -0.943795, 0, 0.330531, 0, 0, 0, 0, 1)","o":1,"x":720,"y":437,"w":0,"h":0}]},{"t":817.4,"n":[{"s":"DIV.pack-carousel-cylinder#black-pack-icon.webp","tr":"matrix3d(0.118369, 0, 0.99297, 0, 0, 1, 0, 0, -0.99297, 0, 0.118369, 0, 0, 0, 0, 1)","o":1,"x":720,"y":437,"w":0,"h":0}]},{"t":834.1,"n":[{"s":"DIV.pack-carousel-cylinder#black-pack-icon.webp","tr":"matrix3d(-0.0974266, 0, 0.995243, 0, 0, 1, 0, 0, -0.995243, 0, -0.0974266, 0, 0, 0, 0, 1)","o":1,"x":720,"y":437,"w":0,"h":0}]},{"t":849.9,"n":[{"s":"DIV.pack-carousel-cylinder#black-pack-icon.webp","tr":"matrix3d(-0.306825, 0, 0.951766, 0, 0, 1, 0, 0, -0.951766, 0, -0.306825, 0, 0, 0, 0, 1)","o":1,"x":720,"y":437,"w":0,"h":0}]},{"t":866.8,"n":[{"s":"DIV.pack-carousel-cylinder#black-pack-icon.webp","tr":"matrix3d(-0.499395, 0, 0.866374, 0, 0, 1, 0, 0, -0.866374, 0, -0.499395, 0, 0, 0, 0, 1)","o":1,"x":720,"y":437,"w":0,"h":0}]},{"t":883.9,"n":[{"s":"DIV.pack-carousel-cylinder#black-pack-icon.webp","tr":"matrix3d(-0.669299, 0, 0.742993, 0, 0, 1, 0, 0, -0.742993, 0, -0.669299, 0, 0, 0, 0, 1)","o":1,"x":720,"y":437,"w":0,"h":0}]},{"t":900.1,"n":[{"s":"DIV.pack-carousel-cylinder#black-pack-icon.webp","tr":"matrix3d(-0.808565, 0, 0.588406, 0, 0, 1, 0, 0, -0.588406, 0, -0.808565, 0, 0, 0, 0, 1)","o":1,"x":720,"y":437,"w":0,"h":0}]},{"t":916.6,"n":[{"s":"DIV.pack-carousel-cylinder#black-pack-icon.webp","tr":"matrix3d(-0.911525, 0, 0.411244, 0, 0, 1, 0, 0, -0.411244, 0, -0.911525, 0, 0, 0, 0, 1)","o":1,"x":720,"y":437,"w":0,"h":0}]},{"t":933.6,"n":[{"s":"DIV.pack-carousel-cylinder#black-pack-icon.webp","tr":"matrix3d(-0.976073, 0, 0.217445, 0, 0, 1, 0, 0, -0.217445, 0, -0.976073, 0, 0, 0, 0, 1)","o":1,"x":720,"y":437,"w":0,"h":0}]},{"t":950.6,"n":[{"s":"DIV.pack-carousel-cylinder#black-pack-icon.webp","tr":"matrix3d(-0.999864, 0, 0.0164926, 0, 0, 1, 0, 0, -0.0164926, 0, -0.999864, 0, 0, 0, 0, 1)","o":1,"x":720,"y":437,"w":0,"h":0}]},{"t":967.5,"n":[{"s":"DIV.pack-carousel-cylinder#black-pack-icon.webp","tr":"matrix3d(-0.983284, 0, -0.182081, 0, 0, 1, 0, 0, 0.182081, 0, -0.983284, 0, 0, 0, 0, 1)","o":1,"x":720,"y":437,"w":0,"h":0}]},{"t":984.2,"n":[{"s":"DIV.pack-carousel-cylinder#black-pack-icon.webp","tr":"matrix3d(-0.927901, 0, -0.372826, 0, 0, 1, 0, 0, 0.372826, 0, -0.927901, 0, 0, 0, 0, 1)","o":1,"x":720,"y":437,"w":0,"h":0}]},{"t":1000,"n":[{"s":"DIV.pack-carousel-cylinder#black-pack-icon.webp","tr":"matrix3d(-0.837595, 0, -0.546292, 0, 0, 1, 0, 0, 0.546292, 0, -0.837595, 0, 0, 0, 0, 1)","o":1,"x":720,"y":437,"w":0,"h":0}]},{"t":1017.3,"n":[{"s":"DIV.pack-carousel-cylinder#black-pack-icon.webp","tr":"matrix3d(-0.715717, 0, -0.69839, 0, 0, 1, 0, 0, 0.69839, 0, -0.715717, 0, 0, 0, 0, 1)","o":1,"x":720,"y":437,"w":0,"h":0}]},{"t":1034,"n":[{"s":"DIV.pack-carousel-cylinder#black-pack-icon.webp","tr":"matrix3d(-0.567226, 0, -0.823562, 0, 0, 1, 0, 0, 0.823562, 0, -0.567226, 0, 0, 0, 0, 1)","o":1,"x":720,"y":437,"w":0,"h":0}]},{"t":1051.3,"n":[{"s":"DIV.pack-carousel-cylinder#black-pack-icon.webp","tr":"matrix3d(-0.401149, 0, -0.916013, 0, 0, 1, 0, 0, 0.916013, 0, -0.401149, 0, 0, 0, 0, 1)","o":1,"x":720,"y":437,"w":0,"h":0}]},{"t":1067.5,"n":[{"s":"DIV.pack-carousel-cylinder#black-pack-icon.webp","tr":"matrix3d(-0.221242, 0, -0.975219, 0, 0, 1, 0, 0, 0.975219, 0, -0.221242, 0, 0, 0, 0, 1)","o":1,"x":720,"y":437,"w":0,"h":0}]},{"t":1083.7,"n":[{"s":"DIV.pack-carousel-cylinder#black-pack-icon.webp","tr":"matrix3d(-0.0363298, 0, -0.99934, 0, 0, 1, 0, 0, 0.99934, 0, -0.0363298, 0, 0, 0, 0, 1)","o":1,"x":720,"y":437,"w":0,"h":0}]},{"t":1100.3,"n":[{"s":"DIV.pack-carousel-cylinder#black-pack-icon.webp","tr":"matrix3d(0.149173, 0, -0.988811, 0, 0, 1, 0, 0, 0.988811, 0, 0.149173, 0, 0, 0, 0, 1)","o":1,"x":720,"y":437,"w":0,"h":0}]},{"t":1116.9,"n":[{"s":"DIV.pack-carousel-cylinder#black-pack-icon.webp","tr":"matrix3d(0.327878, 0, -0.94472, 0, 0, 1, 0, 0, 0.94472, 0, 0.327878, 0, 0, 0, 0, 1)","o":1,"x":720,"y":437,"w":0,"h":0}]},{"t":1134.2,"n":[{"s":"DIV.pack-carousel-cylinder#black-pack-icon.webp","tr":"matrix3d(0.492879, 0, -0.870098, 0, 0, 1, 0, 0, 0.870098, 0, 0.492879, 0, 0, 0, 0, 1)","o":1,"x":720,"y":437,"w":0,"h":0}]},{"t":1150.7,"n":[{"s":"DIV.pack-carousel-cylinder#black-pack-icon.webp","tr":"matrix3d(0.640378, 0, -0.76806, 0, 0, 1, 0, 0, 0.76806, 0, 0.640378, 0, 0, 0, 0, 1)","o":1,"x":720,"y":437,"w":0,"h":0}]},{"t":1167,"n":[{"s":"DIV.pack-carousel-cylinder#black-pack-icon.webp","tr":"matrix3d(0.766829, 0, -0.641851, 0, 0, 1, 0, 0, 0.641851, 0, 0.766829, 0, 0, 0, 0, 1)","o":1,"x":720,"y":437,"w":0,"h":0}]},{"t":1184,"n":[{"s":"DIV.pack-carousel-cylinder#black-pack-icon.webp","tr":"matrix3d(0.867418, 0, -0.49758, 0, 0, 1, 0, 0, 0.49758, 0, 0.867418, 0, 0, 0, 0, 1)","o":1,"x":720,"y":437,"w":0,"h":0}]},{"t":1200.2,"n":[{"s":"DIV.pack-carousel-cylinder#black-pack-icon.webp","tr":"matrix3d(0.941353, 0, -0.337424, 0, 0, 1, 0, 0, 0.337424, 0, 0.941353, 0, 0, 0, 0, 1)","o":1,"x":720,"y":437,"w":0,"h":0}]},{"t":1217.2,"n":[{"s":"DIV.pack-carousel-cylinder#black-pack-icon.webp","tr":"matrix3d(0.985319, 0, -0.170725, 0, 0, 1, 0, 0, 0.170725, 0, 0.985319, 0, 0, 0, 0, 1)","o":1,"x":720,"y":437,"w":0,"h":0}]},{"t":1233.8,"n":[{"s":"DIV.pack-carousel-cylinder#black-pack-icon.webp","tr":"matrix3d(1, 0, 0.000349066, 0, 0, 1, 0, 0, -0.000349066, 0, 1, 0, 0, 0, 0, 1)","o":1,"x":720,"y":437,"w":0,"h":0}]},{"t":1250.2,"n":[{"s":"DIV.pack-carousel-cylinder#black-pack-icon.webp","tr":"matrix3d(0.985645, 0, 0.168833, 0, 0, 1, 0, 0, -0.168833, 0, 0.985645, 0, 0, 0, 0, 1)","o":1,"x":720,"y":437,"w":0,"h":0}]},{"t":1267.2,"n":[{"s":"DIV.pack-carousel-cylinder#black-pack-icon.webp","tr":"matrix3d(0.943339, 0, 0.331832, 0, 0, 1, 0, 0, -0.331832, 0, 0.943339, 0, 0, 0, 0, 1)","o":1,"x":720,"y":437,"w":0,"h":0}]},{"t":1283.8,"n":[{"s":"DIV.pack-carousel-cylinder#black-pack-icon.webp","tr":"matrix3d(0.875127, 0, 0.483893, 0, 0, 1, 0, 0, -0.483893, 0, 0.875127, 0, 0, 0, 0, 1)","o":1,"x":720,"y":437,"w":0,"h":0}]},{"t":1300.7,"n":[{"s":"DIV.pack-carousel-cylinder#black-pack-icon.webp","tr":"matrix3d(0.784343, 0, 0.620327, 0, 0, 1, 0, 0, -0.620327, 0, 0.784343, 0, 0, 0, 0, 1)","o":1,"x":720,"y":437,"w":0,"h":0}]},{"t":1317.2,"n":[{"s":"DIV.pack-carousel-cylinder#black-pack-icon.webp","tr":"matrix3d(0.672883, 0, 0.739749, 0, 0, 1, 0, 0, -0.739749, 0, 0.672883, 0, 0, 0, 0, 1)","o":1,"x":720,"y":437,"w":0,"h":0}]},{"t":1333.5,"n":[{"s":"DIV.pack-carousel-cylinder#black-pack-icon.webp","tr":"matrix3d(0.544932, 0, 0.83848, 0, 0, 1, 0, 0, -0.83848, 0, 0.544932, 0, 0, 0, 0, 1)","o":1,"x":720,"y":437,"w":0,"h":0}]},{"t":1350.1,"n":[{"s":"DIV.pack-carousel-cylinder#black-pack-icon.webp","tr":"matrix3d(0.404184, 0, 0.914678, 0, 0, 1, 0, 0, -0.914678, 0, 0.404184, 0, 0, 0, 0, 1)","o":1,"x":720,"y":437,"w":0,"h":0}]},{"t":1366.9,"n":[{"s":"DIV.pack-carousel-cylinder#black-pack-icon.webp","tr":"matrix3d(0.255783, 0, 0.966734, 0, 0, 1, 0, 0, -0.966734, 0, 0.255783, 0, 0, 0, 0, 1)","o":1,"x":720,"y":437,"w":0,"h":0}]},{"t":1384,"n":[{"s":"DIV.pack-carousel-cylinder#black-pack-icon.webp","tr":"matrix3d(0.102445, 0, 0.994739, 0, 0, 1, 0, 0, -0.994739, 0, 0.102445, 0, 0, 0, 0, 1)","o":1,"x":720,"y":437,"w":0,"h":0}]},{"t":1400.6,"n":[{"s":"DIV.pack-carousel-cylinder#black-pack-icon.webp","tr":"matrix3d(-0.053556, 0, 0.998565, 0, 0, 1, 0, 0, -0.998565, 0, -0.053556, 0, 0, 0, 0, 1)","o":1,"x":720,"y":437,"w":0,"h":0}]},{"t":1417.1,"n":[{"s":"DIV.pack-carousel-cylinder#black-pack-icon.webp","tr":"matrix3d(-0.204667, 0, 0.978832, 0, 0, 1, 0, 0, -0.978832, 0, -0.204667, 0, 0, 0, 0, 1)","o":1,"x":720,"y":437,"w":0,"h":0}]},{"t":1433.9,"n":[{"s":"DIV.pack-carousel-cylinder#black-pack-icon.webp","tr":"matrix3d(-0.350534, 0, 0.93655, 0, 0, 1, 0, 0, -0.93655, 0, -0.350534, 0, 0, 0, 0, 1)","o":1,"x":720,"y":437,"w":0,"h":0}]},{"t":1450.2,"n":[{"s":"DIV.pack-carousel-cylinder#black-pack-icon.webp","tr":"matrix3d(-0.486183, 0, 0.873857, 0, 0, 1, 0, 0, -0.873857, 0, -0.486183, 0, 0, 0, 0, 1)","o":1,"x":720,"y":437,"w":0,"h":0}]},{"t":1467,"n":[{"s":"DIV.pack-carousel-cylinder#black-pack-icon.webp","tr":"matrix3d(-0.611113, 0, 0.791544, 0, 0, 1, 0, 0, -0.791544, 0, -0.611113, 0, 0, 0, 0, 1)","o":1,"x":720,"y":437,"w":0,"h":0}]},{"t":1484.1,"n":[{"s":"DIV.pack-carousel-cylinder#black-pack-icon.webp","tr":"matrix3d(-0.71934, 0, 0.694658, 0, 0, 1, 0, 0, -0.694658, 0, -0.71934, 0, 0, 0, 0, 1)","o":1,"x":720,"y":437,"w":0,"h":0}]},{"t":1499.8,"n":[{"s":"DIV.pack-carousel-cylinder#black-pack-icon.webp","tr":"matrix3d(-0.812592, 0, 0.582832, 0, 0, 1, 0, 0, -0.582832, 0, -0.812592, 0, 0, 0, 0, 1)","o":1,"x":720,"y":437,"w":0,"h":0}]},{"t":1516.9,"n":[{"s":"DIV.pack-carousel-cylinder#black-pack-icon.webp","tr":"matrix3d(-0.887815, 0, 0.4602, 0, 0, 1, 0, 0, -0.4602, 0, -0.887815, 0, 0, 0, 0, 1)","o":1,"x":720,"y":437,"w":0,"h":0}]},{"t":1534,"n":[{"s":"DIV.pack-carousel-cylinder#black-pack-icon.webp","tr":"matrix3d(-0.944204, 0, 0.329361, 0, 0, 1, 0, 0, -0.329361, 0, -0.944204, 0, 0, 0, 0, 1)","o":1,"x":720,"y":437,"w":0,"h":0}]},{"t":1550.9,"n":[{"s":"DIV.pack-carousel-cylinder#black-pack-icon.webp","tr":"matrix3d(-0.980955, 0, 0.194234, 0, 0, 1, 0, 0, -0.194234, 0, -0.980955, 0, 0, 0, 0, 1)","o":1,"x":720,"y":437,"w":0,"h":0}]},{"t":1566.5,"n":[{"s":"DIV.pack-carousel-cylinder#black-pack-icon.webp","tr":"matrix3d(-0.998431, 0, 0.0559958, 0, 0, 1, 0, 0, -0.0559958, 0, -0.998431, 0, 0, 0, 0, 1)","o":1,"x":720,"y":437,"w":0,"h":0}]},{"t":1583.9,"n":[{"s":"DIV.pack-carousel-cylinder#black-pack-icon.webp","tr":"matrix3d(-0.996652, 0, -0.0817646, 0, 0, 1, 0, 0, 0.0817646, 0, -0.996652, 0, 0, 0, 0, 1)","o":1,"x":720,"y":437,"w":0,"h":0}]},{"t":1599.9,"n":[{"s":"DIV.pack-carousel-cylinder#black-pack-icon.webp","tr":"matrix3d(-0.976447, 0, -0.215758, 0, 0, 1, 0, 0, 0.215758, 0, -0.976447, 0, 0, 0, 0, 1)","o":1,"x":720,"y":437,"w":0,"h":0}]},{"t":1616.9,"n":[{"s":"DIV.pack-carousel-cylinder#black-pack-icon.webp","tr":"matrix3d(-0.938553, 0, -0.345134, 0, 0, 1, 0, 0, 0.345134, 0, -0.938553, 0, 0, 0, 0, 1)","o":1,"x":720,"y":437,"w":0,"h":0}]},{"t":1633.5,"n":[{"s":"DIV.pack-carousel-cylinder#black-pack-icon.webp","tr":"matrix3d(-0.884337, 0, -0.46685, 0, 0, 1, 0, 0, 0.46685, 0, -0.884337, 0, 0, 0, 0, 1)","o":1,"x":720,"y":437,"w":0,"h":0}]},{"t":1650.7,"n":[{"s":"DIV.pack-carousel-cylinder#black-pack-icon.webp","tr":"matrix3d(-0.815229, 0, -0.579139, 0, 0, 1, 0, 0, 0.579139, 0, -0.815229, 0, 0, 0, 0, 1)","o":1,"x":720,"y":437,"w":0,"h":0}]},{"t":1667.7,"n":[{"s":"DIV.pack-carousel-cylinder#black-pack-icon.webp","tr":"matrix3d(-0.733493, 0, -0.679697, 0, 0, 1, 0, 0, 0.679697, 0, -0.733493, 0, 0, 0, 0, 1)","o":1,"x":720,"y":437,"w":0,"h":0}]},{"t":1684,"n":[{"s":"DIV.pack-carousel-cylinder#black-pack-icon.webp","tr":"matrix3d(-0.64011, 0, -0.768284, 0, 0, 1, 0, 0, 0.768284, 0, -0.64011, 0, 0, 0, 0, 1)","o":1,"x":720,"y":437,"w":0,"h":0}]},{"t":1699.9,"n":[{"s":"DIV.pack-carousel-cylinder#black-pack-icon.webp","tr":"matrix3d(-0.537888, 0, -0.843016, 0, 0, 1, 0, 0, 0.843016, 0, -0.537888, 0, 0, 0, 0, 1)","o":1,"x":720,"y":437,"w":0,"h":0}]},{"t":1716.5,"n":[{"s":"DIV.pack-carousel-cylinder#black-pack-icon.webp","tr":"matrix3d(-0.427673, 0, -0.903933, 0, 0, 1, 0, 0, 0.903933, 0, -0.427673, 0, 0, 0, 0, 1)","o":1,"x":720,"y":437,"w":0,"h":0}]},{"t":1733.6,"n":[{"s":"DIV.pack-carousel-cylinder#black-pack-icon.webp","tr":"matrix3d(-0.312667, 0, -0.949863, 0, 0, 1, 0, 0, 0.949863, 0, -0.312667, 0, 0, 0, 0, 1)","o":1,"x":720,"y":437,"w":0,"h":0}]},{"t":1750.3,"n":[{"s":"DIV.pack-carousel-cylinder#black-pack-icon.webp","tr":"matrix3d(-0.192864, 0, -0.981225, 0, 0, 1, 0, 0, 0.981225, 0, -0.192864, 0, 0, 0, 0, 1)","o":1,"x":720,"y":437,"w":0,"h":0}]},{"t":1767.1,"n":[{"s":"DIV.pack-carousel-cylinder#black-pack-icon.webp","tr":"matrix3d(-0.0730641, 0, -0.997327, 0, 0, 1, 0, 0, 0.997327, 0, -0.0730641, 0, 0, 0, 0, 1)","o":1,"x":720,"y":437,"w":0,"h":0}]},{"t":1784.1,"n":[{"s":"DIV.pack-carousel-cylinder#black-pack-icon.webp","tr":"matrix3d(0.0464091, 0, -0.998923, 0, 0, 1, 0, 0, 0.998923, 0, 0.0464091, 0, 0, 0, 0, 1)","o":1,"x":720,"y":437,"w":0,"h":0}]},{"t":1800.2,"n":[{"s":"DIV.pack-carousel-cylinder#black-pack-icon.webp","tr":"matrix3d(0.164531, 0, -0.986372, 0, 0, 1, 0, 0, 0.986372, 0, 0.164531, 0, 0, 0, 0, 1)","o":1,"x":720,"y":437,"w":0,"h":0}]},{"t":1816.8,"n":[{"s":"DIV.pack-carousel-cylinder#black-pack-icon.webp","tr":"matrix3d(0.279159, 0, -0.960245, 0, 0, 1, 0, 0, 0.960245, 0, 0.279159, 0, 0, 0, 0, 1)","o":1,"x":720,"y":437,"w":0,"h":0}]},{"t":1833.6,"n":[{"s":"DIV.pack-carousel-cylinder#black-pack-icon.webp","tr":"matrix3d(0.387837, 0, -0.921728, 0, 0, 1, 0, 0, 0.921728, 0, 0.387837, 0, 0, 0, 0, 1)","o":1,"x":720,"y":437,"w":0,"h":0}]},{"t":1850.8,"n":[{"s":"DIV.pack-carousel-cylinder#black-pack-icon.webp","tr":"matrix3d(0.490752, 0, -0.871299, 0, 0, 1, 0, 0, 0.871299, 0, 0.490752, 0, 0, 0, 0, 1)","o":1,"x":720,"y":437,"w":0,"h":0}]},{"t":1867,"n":[{"s":"DIV.pack-carousel-cylinder#black-pack-icon.webp","tr":"matrix3d(0.58609, 0, -0.810246, 0, 0, 1, 0, 0, 0.810246, 0, 0.58609, 0, 0, 0, 0, 1)","o":1,"x":720,"y":437,"w":0,"h":0}]}]}