{"mode":"cylinder","arg":null,"frames":[{"t":13.6,"n":[{"s":"DIV.pack-carousel-cylinder#black-pack-icon.webp","tr":"matrix(1, 0, 0, 1, 0, 0)","o":1,"x":720,"y":437,"w":0,"h":0}]},{"t":31.6,"n":[{"s":"DIV.pack-carousel-cylinder#black-pack-icon.webp","tr":"matrix3d(0.994488, 0, 0.10485, 0, 0, 1, 0, 0, -0.10485, 0, 0.994488, 0, 0, 0, 0, 1)","o":1,"x":720,"y":437,"w":0,"h":0}]},{"t":52.2,"n":[{"s":"DIV.pack-carousel-cylinder#black-pack-icon.webp","tr":"matrix3d(0.994488, 0, 0.10485, 0, 0, 1, 0, 0, -0.10485, 0, 0.994488, 0, 0, 0, 0, 1)","o":1,"x":720,"y":437,"w":0,"h":0}]},{"t":62.7,"n":[{"s":"DIV.pack-carousel-cylinder#black-pack-icon.webp","tr":"matrix3d(0.978013, 0, 0.208543, 0, 0, 1, 0, 0, -0.208543, 0, 0.978013, 0, 0, 0, 0, 1)","o":1,"x":720,"y":437,"w":0,"h":0}]},{"t":79.5,"n":[{"s":"DIV.pack-carousel-cylinder#black-pack-icon.webp","tr":"matrix3d(0.978013, 0, 0.208543, 0, 0, 1, 0, 0, -0.208543, 0, 0.978013, 0, 0, 0, 0, 1)","o":1,"x":720,"y":437,"w":0,"h":0}]},{"t":95,"n":[{"s":"DIV.pack-carousel-cylinder#black-pack-icon.webp","tr":"matrix3d(0.978013, 0, 0.208543, 0, 0, 1, 0, 0, -0.208543, 0, 0.978013, 0, 0, 0, 0, 1)","o":1,"x":720,"y":437,"w":0,"h":0}]},{"t":112.7,"n":[{"s":"DIV.pack-carousel-cylinder#black-pack-icon.webp","tr":"matrix3d(0.950756, 0, 0.30994, 0, 0, 1, 0, 0, -0.30994, 0, 0.950756, 0, 0, 0, 0, 1)","o":1,"x":720,"y":437,"w":0,"h":0}]},{"t":129.6,"n":[{"s":"DIV.pack-carousel-cylinder#black-pack-icon.webp","tr":"matrix3d(0.950756, 0, 0.30994, 0, 0, 1, 0, 0, -0.30994, 0, 0.950756, 0, 0, 0, 0, 1)","o":1,"x":720,"y":437,"w":0,"h":0}]},{"t":150.3,"n":[{"s":"DIV.pack-carousel-cylinder#black-pack-icon.webp","tr":"matrix3d(0.913019, 0, 0.407918, 0, 0, 1, 0, 0, -0.407918, 0, 0.913019, 0, 0, 0, 0, 1)","o":1,"x":720,"y":437,"w":0,"h":0}]},{"t":161.7,"n":[{"s":"DIV.pack-carousel-cylinder#black-pack-icon.webp","tr":"matrix3d(0.913019, 0, 0.407918, 0, 0, 1, 0, 0, -0.407918, 0, 0.913019, 0, 0, 0, 0, 1)","o":1,"x":720,"y":437,"w":0,"h":0}]},{"t":179.3,"n":[{"s":"DIV.pack-carousel-cylinder#black-pack-icon.webp","tr":"matrix3d(0.865216, 0, 0.501399, 0, 0, 1, 0, 0, -0.501399, 0, 0.865216, 0, 0, 0, 0, 1)","o":1,"x":720,"y":437,"w":0,"h":0}]},{"t":197.6,"n":[{"s":"DIV.pack-carousel-cylinder#black-pack-icon.webp","tr":"matrix3d(0.865216, 0, 0.501399, 0, 0, 1, 0, 0, -0.501399, 0, 0.865216, 0, 0, 0, 0, 1)","o":1,"x":720,"y":437,"w":0,"h":0}]},{"t":212.5,"n":[{"s":"DIV.pack-carousel-cylinder#black-pack-icon.webp","tr":"matrix3d(0.807876, 0, 0.589353, 0, 0, 1, 0, 0, -0.589353, 0, 0.807876, 0, 0, 0, 0, 1)","o":1,"x":720,"y":437,"w":0,"h":0}]},{"t":228.7,"n":[{"s":"DIV.pack-carousel-cylinder#black-pack-icon.webp","tr":"matrix3d(0.807876, 0, 0.589353, 0, 0, 1, 0, 0, -0.589353, 0, 0.807876, 0, 0, 0, 0, 1)","o":1,"x":720,"y":437,"w":0,"h":0}]},{"t":246.3,"n":[{"s":"DIV.pack-carousel-cylinder#black-pack-icon.webp","tr":"matrix3d(0.741629, 0, 0.67081, 0, 0, 1, 0, 0, -0.67081, 0, 0.741629, 0, 0, 0, 0, 1)","o":1,"x":720,"y":437,"w":0,"h":0}]},{"t":262.5,"n":[{"s":"DIV.pack-carousel-cylinder#black-pack-icon.webp","tr":"matrix3d(0.741629, 0, 0.67081, 0, 0, 1, 0, 0, -0.67081, 0, 0.741629, 0, 0, 0, 0, 1)","o":1,"x":720,"y":437,"w":0,"h":0}]},{"t":280.6,"n":[{"s":"DIV.pack-carousel-cylinder#black-pack-icon.webp","tr":"matrix3d(0.667207, 0, 0.744872, 0, 0, 1, 0, 0, -0.744872, 0, 0.667207, 0, 0, 0, 0, 1)","o":1,"x":720,"y":437,"w":0,"h":0}]},{"t":295,"n":[{"s":"DIV.pack-carousel-cylinder#black-pack-icon.webp","tr":"matrix3d(0.667207, 0, 0.744872, 0, 0, 1, 0, 0, -0.744872, 0, 0.667207, 0, 0, 0, 0, 1)","o":1,"x":720,"y":437,"w":0,"h":0}]},{"t":311.7,"n":[{"s":"DIV.pack-carousel-cylinder#black-pack-icon.webp","tr":"matrix3d(0.667207, 0, 0.744872, 0, 0, 1, 0, 0, -0.744872, 0, 0.667207, 0, 0, 0, 0, 1)","o":1,"x":720,"y":437,"w":0,"h":0}]},{"t":331.1,"n":[{"s":"DIV.pack-carousel-cylinder#black-pack-icon.webp","tr":"matrix3d(0.585429, 0, 0.810724, 0, 0, 1, 0, 0, -0.810724, 0, 0.585429, 0, 0, 0, 0, 1)","o":1,"x":720,"y":437,"w":0,"h":0}]},{"t":347.3,"n":[{"s":"DIV.pack-carousel-cylinder#black-pack-icon.webp","tr":"matrix3d(0.585429, 0, 0.810724, 0, 0, 1, 0, 0, -0.810724, 0, 0.585429, 0, 0, 0, 0, 1)","o":1,"x":720,"y":437,"w":0,"h":0}]},{"t":363.4,"n":[{"s":"DIV.pack-carousel-cylinder#black-pack-icon.webp","tr":"matrix3d(0.497198, 0, 0.867637, 0, 0, 1, 0, 0, -0.867637, 0, 0.497198, 0, 0, 0, 0, 1)","o":1,"x":720,"y":437,"w":0,"h":0}]},{"t":379.3,"n":[{"s":"DIV.pack-carousel-cylinder#black-pack-icon.webp","tr":"matrix3d(0.497198, 0, 0.867637, 0, 0, 1, 0, 0, -0.867637, 0, 0.497198, 0, 0, 0, 0, 1)","o":1,"x":720,"y":437,"w":0,"h":0}]},{"t":396.5,"n":[{"s":"DIV.pack-carousel-cylinder#black-pack-icon.webp","tr":"matrix3d(0.403486, 0, 0.914986, 0, 0, 1, 0, 0, -0.914986, 0, 0.403486, 0, 0, 0, 0, 1)","o":1,"x":720,"y":437,"w":0,"h":0}]},{"t":412.4,"n":[{"s":"DIV.pack-carousel-cylinder#black-pack-icon.webp","tr":"matrix3d(0.403486, 0, 0.914986, 0, 0, 1, 0, 0, -0.914986, 0, 0.403486, 0, 0, 0, 0, 1)","o":1,"x":720,"y":437,"w":0,"h":0}]},{"t":430.4,"n":[{"s":"DIV.pack-carousel-cylinder#black-pack-icon.webp","tr":"matrix3d(0.305326, 0, 0.952248, 0, 0, 1, 0, 0, -0.952248, 0, 0.305326, 0, 0, 0, 0, 1)","o":1,"x":720,"y":437,"w":0,"h":0}]},{"t":446,"n":[{"s":"DIV.pack-carousel-cylinder#black-pack-icon.webp","tr":"matrix3d(0.305326, 0, 0.952248, 0, 0, 1, 0, 0, -0.952248, 0, 0.305326, 0, 0, 0, 0, 1)","o":1,"x":720,"y":437,"w":0,"h":0}]},{"t":463.3,"n":[{"s":"DIV.pack-carousel-cylinder#black-pack-icon.webp","tr":"matrix3d(0.203801, 0, 0.979012, 0, 0, 1, 0, 0, -0.979012, 0, 0.203801, 0, 0, 0, 0, 1)","o":1,"x":720,"y":437,"w":0,"h":0}]},{"t":479.3,"n":[{"s":"DIV.pack-carousel-cylinder#black-pack-icon.webp","tr":"matrix3d(0.203801, 0, 0.979012, 0, 0, 1, 0, 0, -0.979012, 0, 0.203801, 0, 0, 0, 0, 1)","o":1,"x":720,"y":437,"w":0,"h":0}]},{"t":495.2,"n":[{"s":"DIV.pack-carousel-cylinder#black-pack-icon.webp","tr":"matrix3d(0.203801, 0, 0.979012, 0, 0, 1, 0, 0, -0.979012, 0, 0.203801, 0, 0, 0, 0, 1)","o":1,"x":720,"y":437,"w":0,"h":0}]},{"t":513.5,"n":[{"s":"DIV.pack-carousel-cylinder#black-pack-icon.webp","tr":"matrix3d(0.100027, 0, 0.994985, 0, 0, 1, 0, 0, -0.994985, 0, 0.100027, 0, 0, 0, 0, 1)","o":1,"x":720,"y":437,"w":0,"h":0}]},{"t":528.9,"n":[{"s":"DIV.pack-carousel-cylinder#black-pack-icon.webp","tr":"matrix3d(0.100027, 0, 0.994985, 0, 0, 1, 0, 0, -0.994985, 0, 0.100027, 0, 0, 0, 0, 1)","o":1,"x":720,"y":437,"w":0,"h":0}]},{"t":547,"n":[{"s":"DIV.pack-carousel-cylinder#black-pack-icon.webp","tr":"matrix3d(0.100027, 0, 0.994985, 0, 0, 1, 0, 0, -0.994985, 0, 0.100027, 0, 0, 0, 0, 1)","o":1,"x":720,"y":437,"w":0,"h":0}]},{"t":562,"n":[{"s":"DIV.pack-carousel-cylinder#black-pack-icon.webp","tr":"matrix3d(-0.0132659, 0, 0.999912, 0, 0, 1, 0, 0, -0.999912, 0, -0.0132659, 0, 0, 0, 0, 1)","o":1,"x":720,"y":437,"w":0,"h":0}]},{"t":579.3,"n":[{"s":"DIV.pack-carousel-cylinder#black-pack-icon.webp","tr":"matrix3d(-0.114589, 0, 0.993413, 0, 0, 1, 0, 0, -0.993413, 0, -0.114589, 0, 0, 0, 0, 1)","o":1,"x":720,"y":437,"w":0,"h":0}]},{"t":599.8,"n":[{"s":"DIV.pack-carousel-cylinder#black-pack-icon.webp","tr":"matrix3d(-0.202924, 0, 0.979194, 0, 0, 1, 0, 0, -0.979194, 0, -0.202924, 0, 0, 0, 0, 1)","o":1,"x":720,"y":437,"w":0,"h":0}]},{"t":612.5,"n":[{"s":"DIV.pack-carousel-cylinder#black-pack-icon.webp","tr":"matrix3d(-0.27946, 0, 0.960157, 0, 0, 1, 0, 0, -0.960157, 0, -0.27946, 0, 0, 0, 0, 1)","o":1,"x":720,"y":437,"w":0,"h":0}]},{"t":628.8,"n":[{"s":"DIV.pack-carousel-cylinder#black-pack-icon.webp","tr":"matrix3d(-0.344201, 0, 0.938896, 0, 0, 1, 0, 0, -0.938896, 0, -0.344201, 0, 0, 0, 0, 1)","o":1,"x":720,"y":437,"w":0,"h":0}]},{"t":645.4,"n":[{"s":"DIV.pack-carousel-cylinder#black-pack-icon.webp","tr":"matrix3d(-0.397981, 0, 0.917394, 0, 0, 1, 0, 0, -0.917394, 0, -0.397981, 0, 0, 0, 0, 1)","o":1,"x":720,"y":437,"w":0,"h":0}]},{"t":662.5,"n":[{"s":"DIV.pack-carousel-cylinder#black-pack-icon.webp","tr":"matrix3d(-0.441568, 0, 0.897228, 0, 0, 1, 0, 0, -0.897228, 0, -0.441568, 0, 0, 0, 0, 1)","o":1,"x":720,"y":437,"w":0,"h":0}]},{"t":681.3,"n":[{"s":"DIV.pack-carousel-cylinder#black-pack-icon.webp","tr":"matrix3d(-0.476514, 0, 0.879167, 0, 0, 1, 0, 0, -0.879167, 0, -0.476514, 0, 0, 0, 0, 1)","o":1,"x":720,"y":437,"w":0,"h":0}]},{"t":695.2,"n":[{"s":"DIV.pack-carousel-cylinder#black-pack-icon.webp","tr":"matrix3d(-0.503397, 0, 0.864055, 0, 0, 1, 0, 0, -0.864055, 0, -0.503397, 0, 0, 0, 0, 1)","o":1,"x":720,"y":437,"w":0,"h":0}]},{"t":720.4,"n":[{"s":"DIV.pack-carousel-cylinder#black-pack-icon.webp","tr":"matrix3d(-0.52351, 0, 0.852019, 0, 0, 1, 0, 0, -0.852019, 0, -0.52351, 0, 0, 0, 0, 1)","o":1,"x":720,"y":437,"w":0,"h":0}]},{"t":734,"n":[{"s":"DIV.pack-carousel-cylinder#black-pack-icon.webp","tr":"matrix3d(-0.537594, 0, 0.843204, 0, 0, 1, 0, 0, -0.843204, 0, -0.537594, 0, 0, 0, 0, 1)","o":1,"x":720,"y":437,"w":0,"h":0}]},{"t":751.3,"n":[{"s":"DIV.pack-carousel-cylinder#black-pack-icon.webp","tr":"matrix3d(-0.546453, 0, 0.83749, 0, 0, 1, 0, 0, -0.83749, 0, -0.546453, 0, 0, 0, 0, 1)","o":1,"x":720,"y":437,"w":0,"h":0}]},{"t":761.8,"n":[{"s":"DIV.pack-carousel-cylinder#black-pack-icon.webp","tr":"matrix3d(-0.550947, 0, 0.83454, 0, 0, 1, 0, 0, -0.83454, 0, -0.550947, 0, 0, 0, 0, 1)","o":1,"x":720,"y":437,"w":0,"h":0}]},{"t":778.5,"n":[{"s":"DIV.pack-carousel-cylinder#black-pack-icon.webp","tr":"matrix3d(-0.551777, 0, 0.833992, 0, 0, 1, 0, 0, -0.833992, 0, -0.551777, 0, 0, 0, 0, 1)","o":1,"x":720,"y":437,"w":0,"h":0}]},{"t":795.1,"n":[{"s":"DIV.pack-carousel-cylinder#black-pack-icon.webp","tr":"matrix3d(-0.549621, 0, 0.835414, 0, 0, 1, 0, 0, -0.835414, 0, -0.549621, 0, 0, 0, 0, 1)","o":1,"x":720,"y":437,"w":0,"h":0}]},{"t":811.9,"n":[{"s":"DIV.pack-carousel-cylinder#black-pack-icon.webp","tr":"matrix3d(-0.545151, 0, 0.838338, 0, 0, 1, 0, 0, -0.838338, 0, -0.545151, 0, 0, 0, 0, 1)","o":1,"x":720,"y":437,"w":0,"h":0}]},{"t":829,"n":[{"s":"DIV.pack-carousel-cylinder#black-pack-icon.webp","tr":"matrix3d(-0.53905, 0, 0.842274, 0, 0, 1, 0, 0, -0.842274, 0, -0.53905, 0, 0, 0, 0, 1)","o":1,"x":720,"y":437,"w":0,"h":0}]},{"t":845.7,"n":[{"s":"DIV.pack-carousel-cylinder#black-pack-icon.webp","tr":"matrix3d(-0.531872, 0, 0.846825, 0, 0, 1, 0, 0, -0.846825, 0, -0.531872, 0, 0, 0, 0, 1)","o":1,"x":720,"y":437,"w":0,"h":0}]},{"t":862,"n":[{"s":"DIV.pack-carousel-cylinder#black-pack-icon.webp","tr":"matrix3d(-0.524313, 0, 0.851526, 0, 0, 1, 0, 0, -0.851526, 0, -0.524313, 0, 0, 0, 0, 1)","o":1,"x":720,"y":437,"w":0,"h":0}]},{"t":878.5,"n":[{"s":"DIV.pack-carousel-cylinder#black-pack-icon.webp","tr":"matrix3d(-0.516892, 0, 0.856051, 0, 0, 1, 0, 0, -0.856051, 0, -0.516892, 0, 0, 0, 0, 1)","o":1,"x":720,"y":437,"w":0,"h":0}]},{"t":895.3,"n":[{"s":"DIV.pack-carousel-cylinder#black-pack-icon.webp","tr":"matrix3d(-0.510213, 0, 0.860048, 0, 0, 1, 0, 0, -0.860048, 0, -0.510213, 0, 0, 0, 0, 1)","o":1,"x":720,"y":437,"w":0,"h":0}]},{"t":912.6,"n":[{"s":"DIV.pack-carousel-cylinder#black-pack-icon.webp","tr":"matrix3d(-0.504829, 0, 0.863219, 0, 0, 1, 0, 0, -0.863219, 0, -0.504829, 0, 0, 0, 0, 1)","o":1,"x":720,"y":437,"w":0,"h":0}]},{"t":929,"n":[{"s":"DIV.pack-carousel-cylinder#black-pack-icon.webp","tr":"matrix3d(-0.501284, 0, 0.865283, 0, 0, 1, 0, 0, -0.865283, 0, -0.501284, 0, 0, 0, 0, 1)","o":1,"x":720,"y":437,"w":0,"h":0}]},{"t":946.2,"n":[{"s":"DIV.pack-carousel-cylinder#black-pack-icon.webp","tr":"matrix3d(-0.5, 0, 0.866025, 0, 0, 1, 0, 0, -0.866025, 0, -0.5, 0, 0, 0, 0, 1)","o":1,"x":720,"y":437,"w":0,"h":0}]},{"t":962.4,"n":[{"s":"DIV.pack-carousel-cylinder#black-pack-icon.webp","tr":"matrix3d(-0.5, 0, 0.866025, 0, 0, 1, 0, 0, -0.866025, 0, -0.5, 0, 0, 0, 0, 1)","o":1,"x":720,"y":437,"w":0,"h":0}]},{"t":978.5,"n":[{"s":"DIV.pack-carousel-cylinder#black-pack-icon.webp","tr":"matrix3d(-0.5, 0, 0.866025, 0, 0, 1, 0, 0, -0.866025, 0, -0.5, 0, 0, 0, 0, 1)","o":1,"x":720,"y":437,"w":0,"h":0}]},{"t":995.5,"n":[{"s":"DIV.pack-carousel-cylinder#black-pack-icon.webp","tr":"matrix3d(-0.5, 0, 0.866025, 0, 0, 1, 0, 0, -0.866025, 0, -0.5, 0, 0, 0, 0, 1)","o":1,"x":720,"y":437,"w":0,"h":0}]},{"t":1012.5,"n":[{"s":"DIV.pack-carousel-cylinder#black-pack-icon.webp","tr":"matrix3d(-0.5, 0, 0.866025, 0, 0, 1, 0, 0, -0.866025, 0, -0.5, 0, 0, 0, 0, 1)","o":1,"x":720,"y":437,"w":0,"h":0}]},{"t":1028.5,"n":[{"s":"DIV.pack-carousel-cylinder#black-pack-icon.webp","tr":"matrix3d(-0.5, 0, 0.866025, 0, 0, 1, 0, 0, -0.866025, 0, -0.5, 0, 0, 0, 0, 1)","o":1,"x":720,"y":437,"w":0,"h":0}]},{"t":1045,"n":[{"s":"DIV.pack-carousel-cylinder#black-pack-icon.webp","tr":"matrix3d(-0.5, 0, 0.866025, 0, 0, 1, 0, 0, -0.866025, 0, -0.5, 0, 0, 0, 0, 1)","o":1,"x":720,"y":437,"w":0,"h":0}]},{"t":1061.8,"n":[{"s":"DIV.pack-carousel-cylinder#black-pack-icon.webp","tr":"matrix3d(-0.5, 0, 0.866025, 0, 0, 1, 0, 0, -0.866025, 0, -0.5, 0, 0, 0, 0, 1)","o":1,"x":720,"y":437,"w":0,"h":0}]},{"t":1078.5,"n":[{"s":"DIV.pack-carousel-cylinder#black-pack-icon.webp","tr":"matrix3d(-0.5, 0, 0.866025, 0, 0, 1, 0, 0, -0.866025, 0, -0.5, 0, 0, 0, 0, 1)","o":1,"x":720,"y":437,"w":0,"h":0}]},{"t":1096,"n":[{"s":"DIV.pack-carousel-cylinder#black-pack-icon.webp","tr":"matrix3d(-0.5, 0, 0.866025, 0, 0, 1, 0, 0, -0.866025, 0, -0.5, 0, 0, 0, 0, 1)","o":1,"x":720,"y":437,"w":0,"h":0}]},{"t":1112.8,"n":[{"s":"DIV.pack-carousel-cylinder#black-pack-icon.webp","tr":"matrix3d(-0.5, 0, 0.866025, 0, 0, 1, 0, 0, -0.866025, 0, -0.5, 0, 0, 0, 0, 1)","o":1,"x":720,"y":437,"w":0,"h":0}]},{"t":1128.9,"n":[{"s":"DIV.pack-carousel-cylinder#black-pack-icon.webp","tr":"matrix3d(-0.5, 0, 0.866025, 0, 0, 1, 0, 0, -0.866025, 0, -0.5, 0, 0, 0, 0, 1)","o":1,"x":720,"y":437,"w":0,"h":0}]},{"t":1145.8,"n":[{"s":"DIV.pack-carousel-cylinder#black-pack-icon.webp","tr":"matrix3d(-0.5, 0, 0.866025, 0, 0, 1, 0, 0, -0.866025, 0, -0.5, 0, 0, 0, 0, 1)","o":1,"x":720,"y":437,"w":0,"h":0}]},{"t":1162,"n":[{"s":"DIV.pack-carousel-cylinder#black-pack-icon.webp","tr":"matrix3d(-0.5, 0, 0.866025, 0, 0, 1, 0, 0, -0.866025, 0, -0.5, 0, 0, 0, 0, 1)","o":1,"x":720,"y":437,"w":0,"h":0}]},{"t":1178.7,"n":[{"s":"DIV.pack-carousel-cylinder#black-pack-icon.webp","tr":"matrix3d(-0.5, 0, 0.866025, 0, 0, 1, 0, 0, -0.866025, 0, -0.5, 0, 0, 0, 0, 1)","o":1,"x":720,"y":437,"w":0,"h":0}]},{"t":1195.2,"n":[{"s":"DIV.pack-carousel-cylinder#black-pack-icon.webp","tr":"matrix3d(-0.5, 0, 0.866025, 0, 0, 1, 0, 0, -0.866025, 0, -0.5, 0, 0, 0, 0, 1)","o":1,"x":720,"y":437,"w":0,"h":0}]},{"t":1213,"n":[{"s":"DIV.pack-carousel-cylinder#black-pack-icon.webp","tr":"matrix3d(-0.5, 0, 0.866025, 0, 0, 1, 0, 0, -0.866025, 0, -0.5, 0, 0, 0, 0, 1)","o":1,"x":720,"y":437,"w":0,"h":0}]},{"t":1229.1,"n":[{"s":"DIV.pack-carousel-cylinder#black-pack-icon.webp","tr":"matrix3d(-0.5, 0, 0.866025, 0, 0, 1, 0, 0, -0.866025, 0, -0.5, 0, 0, 0, 0, 1)","o":1,"x":720,"y":437,"w":0,"h":0}]},{"t":1245.2,"n":[{"s":"DIV.pack-carousel-cylinder#black-pack-icon.webp","tr":"matrix3d(-0.5, 0, 0.866025, 0, 0, 1, 0, 0, -0.866025, 0, -0.5, 0, 0, 0, 0, 1)","o":1,"x":720,"y":437,"w":0,"h":0}]},{"t":1262.3,"n":[{"s":"DIV.pack-carousel-cylinder#black-pack-icon.webp","tr":"matrix3d(-0.5, 0, 0.866025, 0, 0, 1, 0, 0, -0.866025, 0, -0.5, 0, 0, 0, 0, 1)","o":1,"x":720,"y":437,"w":0,"h":0}]},{"t":1279.3,"n":[{"s":"DIV.pack-carousel-cylinder#black-pack-icon.webp","tr":"matrix3d(-0.5, 0, 0.866025, 0, 0, 1, 0, 0, -0.866025, 0, -0.5, 0, 0, 0, 0, 1)","o":1,"x":720,"y":437,"w":0,"h":0}]},{"t":1295.2,"n":[{"s":"DIV.pack-carousel-cylinder#black-pack-icon.webp","tr":"matrix3d(-0.5, 0, 0.866025, 0, 0, 1, 0, 0, -0.866025, 0, -0.5, 0, 0, 0, 0, 1)","o":1,"x":720,"y":437,"w":0,"h":0}]},{"t":1311.7,"n":[{"s":"DIV.pack-carousel-cylinder#black-pack-icon.webp","tr":"matrix3d(-0.5, 0, 0.866025, 0, 0, 1, 0, 0, -0.866025, 0, -0.5, 0, 0, 0, 0, 1)","o":1,"x":720,"y":437,"w":0,"h":0}]},{"t":1328.4,"n":[{"s":"DIV.pack-carousel-cylinder#black-pack-icon.webp","tr":"matrix3d(-0.5, 0, 0.866025, 0, 0, 1, 0, 0, -0.866025, 0, -0.5, 0, 0, 0, 0, 1)","o":1,"x":720,"y":437,"w":0,"h":0}]},{"t":1345.5,"n":[{"s":"DIV.pack-carousel-cylinder#black-pack-icon.webp","tr":"matrix3d(-0.5, 0, 0.866025, 0, 0, 1, 0, 0, -0.866025, 0, -0.5, 0, 0, 0, 0, 1)","o":1,"x":720,"y":437,"w":0,"h":0}]},{"t":1362.2,"n":[{"s":"DIV.pack-carousel-cylinder#black-pack-icon.webp","tr":"matrix3d(-0.5, 0, 0.866025, 0, 0, 1, 0, 0, -0.866025, 0, -0.5, 0, 0, 0, 0, 1)","o":1,"x":720,"y":437,"w":0,"h":0}]},{"t":1378.5,"n":[{"s":"DIV.pack-carousel-cylinder#black-pack-icon.webp","tr":"matrix3d(-0.5, 0, 0.866025, 0, 0, 1, 0, 0, -0.866025, 0, -0.5, 0, 0, 0, 0, 1)","o":1,"x":720,"y":437,"w":0,"h":0}]},{"t":1395.4,"n":[{"s":"DIV.pack-carousel-cylinder#black-pack-icon.webp","tr":"matrix3d(-0.5, 0, 0.866025, 0, 0, 1, 0, 0, -0.866025, 0, -0.5, 0, 0, 0, 0, 1)","o":1,"x":720,"y":437,"w":0,"h":0}]},{"t":1412.4,"n":[{"s":"DIV.pack-carousel-cylinder#black-pack-icon.webp","tr":"matrix3d(-0.5, 0, 0.866025, 0, 0, 1, 0, 0, -0.866025, 0, -0.5, 0, 0, 0, 0, 1)","o":1,"x":720,"y":437,"w":0,"h":0}]},{"t":1428.5,"n":[{"s":"DIV.pack-carousel-cylinder#black-pack-icon.webp","tr":"matrix3d(-0.5, 0, 0.866025, 0, 0, 1, 0, 0, -0.866025, 0, -0.5, 0, 0, 0, 0, 1)","o":1,"x":720,"y":437,"w":0,"h":0}]},{"t":1445.8,"n":[{"s":"DIV.pack-carousel-cylinder#black-pack-icon.webp","tr":"matrix3d(-0.5, 0, 0.866025, 0, 0, 1, 0, 0, -0.866025, 0, -0.5, 0, 0, 0, 0, 1)","o":1,"x":720,"y":437,"w":0,"h":0}]},{"t":1462.7,"n":[{"s":"DIV.pack-carousel-cylinder#black-pack-icon.webp","tr":"matrix3d(-0.5, 0, 0.866025, 0, 0, 1, 0, 0, -0.866025, 0, -0.5, 0, 0, 0, 0, 1)","o":1,"x":720,"y":437,"w":0,"h":0}]},{"t":1480,"n":[{"s":"DIV.pack-carousel-cylinder#black-pack-icon.webp","tr":"matrix3d(-0.5, 0, 0.866025, 0, 0, 1, 0, 0, -0.866025, 0, -0.5, 0, 0, 0, 0, 1)","o":1,"x":720,"y":437,"w":0,"h":0}]},{"t":1496.3,"n":[{"s":"DIV.pack-carousel-cylinder#black-pack-icon.webp","tr":"matrix3d(-0.5, 0, 0.866025, 0, 0, 1, 0, 0, -0.866025, 0, -0.5, 0, 0, 0, 0, 1)","o":1,"x":720,"y":437,"w":0,"h":0}]},{"t":1512.5,"n":[{"s":"DIV.pack-carousel-cylinder#black-pack-icon.webp","tr":"matrix3d(-0.5, 0, 0.866025, 0, 0, 1, 0, 0, -0.866025, 0, -0.5, 0, 0, 0, 0, 1)","o":1,"x":720,"y":437,"w":0,"h":0}]},{"t":1528.6,"n":[{"s":"DIV.pack-carousel-cylinder#black-pack-icon.webp","tr":"matrix3d(-0.5, 0, 0.866025, 0, 0, 1, 0, 0, -0.866025, 0, -0.5, 0, 0, 0, 0, 1)","o":1,"x":720,"y":437,"w":0,"h":0}]},{"t":1545.1,"n":[{"s":"DIV.pack-carousel-cylinder#black-pack-icon.webp","tr":"matrix3d(-0.5, 0, 0.866025, 0, 0, 1, 0, 0, -0.866025, 0, -0.5, 0, 0, 0, 0, 1)","o":1,"x":720,"y":437,"w":0,"h":0}]},{"t":1561.9,"n":[{"s":"DIV.pack-carousel-cylinder#black-pack-icon.webp","tr":"matrix3d(-0.5, 0, 0.866025, 0, 0, 1, 0, 0, -0.866025, 0, -0.5, 0, 0, 0, 0, 1)","o":1,"x":720,"y":437,"w":0,"h":0}]},{"t":1578.7,"n":[{"s":"DIV.pack-carousel-cylinder#black-pack-icon.webp","tr":"matrix3d(-0.5, 0, 0.866025, 0, 0, 1, 0, 0, -0.866025, 0, -0.5, 0, 0, 0, 0, 1)","o":1,"x":720,"y":437,"w":0,"h":0}]},{"t":1595.1,"n":[{"s":"DIV.pack-carousel-cylinder#black-pack-icon.webp","tr":"matrix3d(-0.5, 0, 0.866025, 0, 0, 1, 0, 0, -0.866025, 0, -0.5, 0, 0, 0, 0, 1)","o":1,"x":720,"y":437,"w":0,"h":0}]},{"t":1612.4,"n":[{"s":"DIV.pack-carousel-cylinder#black-pack-icon.webp","tr":"matrix3d(-0.5, 0, 0.866025, 0, 0, 1, 0, 0, -0.866025, 0, -0.5, 0, 0, 0, 0, 1)","o":1,"x":720,"y":437,"w":0,"h":0}]},{"t":1628.3,"n":[{"s":"DIV.pack-carousel-cylinder#black-pack-icon.webp","tr":"matrix3d(-0.5, 0, 0.866025, 0, 0, 1, 0, 0, -0.866025, 0, -0.5, 0, 0, 0, 0, 1)","o":1,"x":720,"y":437,"w":0,"h":0}]},{"t":1645,"n":[{"s":"DIV.pack-carousel-cylinder#black-pack-icon.webp","tr":"matrix3d(-0.5, 0, 0.866025, 0, 0, 1, 0, 0, -0.866025, 0, -0.5, 0, 0, 0, 0, 1)","o":1,"x":720,"y":437,"w":0,"h":0}]},{"t":1662,"n":[{"s":"DIV.pack-carousel-cylinder#black-pack-icon.webp","tr":"matrix3d(-0.5, 0, 0.866025, 0, 0, 1, 0, 0, -0.866025, 0, -0.5, 0, 0, 0, 0, 1)","o":1,"x":720,"y":437,"w":0,"h":0}]},{"t":1678.4,"n":[{"s":"DIV.pack-carousel-cylinder#black-pack-icon.webp","tr":"matrix3d(-0.5, 0, 0.866025, 0, 0, 1, 0, 0, -0.866025, 0, -0.5, 0, 0, 0, 0, 1)","o":1,"x":720,"y":437,"w":0,"h":0}]},{"t":1695.5,"n":[{"s":"DIV.pack-carousel-cylinder#black-pack-icon.webp","tr":"matrix3d(-0.5, 0, 0.866025, 0, 0, 1, 0, 0, -0.866025, 0, -0.5, 0, 0, 0, 0, 1)","o":1,"x":720,"y":437,"w":0,"h":0}]},{"t":1712.7,"n":[{"s":"DIV.pack-carousel-cylinder#black-pack-icon.webp","tr":"matrix3d(-0.5, 0, 0.866025, 0, 0, 1, 0, 0, -0.866025, 0, -0.5, 0, 0, 0, 0, 1)","o":1,"x":720,"y":437,"w":0,"h":0}]},{"t":1729.2,"n":[{"s":"DIV.pack-carousel-cylinder#black-pack-icon.webp","tr":"matrix3d(-0.5, 0, 0.866025, 0, 0, 1, 0, 0, -0.866025, 0, -0.5, 0, 0, 0, 0, 1)","o":1,"x":720,"y":437,"w":0,"h":0}]},{"t":1745.3,"n":[{"s":"DIV.pack-carousel-cylinder#black-pack-icon.webp","tr":"matrix3d(-0.5, 0, 0.866025, 0, 0, 1, 0, 0, -0.866025, 0, -0.5, 0, 0, 0, 0, 1)","o":1,"x":720,"y":437,"w":0,"h":0}]},{"t":1762.6,"n":[{"s":"DIV.pack-carousel-cylinder#black-pack-icon.webp","tr":"matrix3d(-0.5, 0, 0.866025, 0, 0, 1, 0, 0, -0.866025, 0, -0.5, 0, 0, 0, 0, 1)","o":1,"x":720,"y":437,"w":0,"h":0}]},{"t":1779.5,"n":[{"s":"DIV.pack-carousel-cylinder#black-pack-icon.webp","tr":"matrix3d(-0.5, 0, 0.866025, 0, 0, 1, 0, 0, -0.866025, 0, -0.5, 0, 0, 0, 0, 1)","o":1,"x":720,"y":437,"w":0,"h":0}]},{"t":1796.5,"n":[{"s":"DIV.pack-carousel-cylinder#black-pack-icon.webp","tr":"matrix3d(-0.5, 0, 0.866025, 0, 0, 1, 0, 0, -0.866025, 0, -0.5, 0, 0, 0, 0, 1)","o":1,"x":720,"y":437,"w":0,"h":0}]},{"t":1812.5,"n":[{"s":"DIV.pack-carousel-cylinder#black-pack-icon.webp","tr":"matrix3d(-0.5, 0, 0.866025, 0, 0, 1, 0, 0, -0.866025, 0, -0.5, 0, 0, 0, 0, 1)","o":1,"x":720,"y":437,"w":0,"h":0}]},{"t":1829,"n":[{"s":"DIV.pack-carousel-cylinder#black-pack-icon.webp","tr":"matrix3d(-0.5, 0, 0.866025, 0, 0, 1, 0, 0, -0.866025, 0, -0.5, 0, 0, 0, 0, 1)","o":1,"x":720,"y":437,"w":0,"h":0}]},{"t":1845.5,"n":[{"s":"DIV.pack-carousel-cylinder#black-pack-icon.webp","tr":"matrix3d(-0.5, 0, 0.866025, 0, 0, 1, 0, 0, -0.866025, 0, -0.5, 0, 0, 0, 0, 1)","o":1,"x":720,"y":437,"w":0,"h":0}]},{"t":1862.6,"n":[{"s":"DIV.pack-carousel-cylinder#black-pack-icon.webp","tr":"matrix3d(-0.5, 0, 0.866025, 0, 0, 1, 0, 0, -0.866025, 0, -0.5, 0, 0, 0, 0, 1)","o":1,"x":720,"y":437,"w":0,"h":0}]},{"t":1878.8,"n":[{"s":"DIV.pack-carousel-cylinder#black-pack-icon.webp","tr":"matrix3d(-0.5, 0, 0.866025, 0, 0, 1, 0, 0, -0.866025, 0, -0.5, 0, 0, 0, 0, 1)","o":1,"x":720,"y":437,"w":0,"h":0}]},{"t":1895.3,"n":[{"s":"DIV.pack-carousel-cylinder#black-pack-icon.webp","tr":"matrix3d(-0.5, 0, 0.866025, 0, 0, 1, 0, 0, -0.866025, 0, -0.5, 0, 0, 0, 0, 1)","o":1,"x":720,"y":437,"w":0,"h":0}]},{"t":1912,"n":[{"s":"DIV.pack-carousel-cylinder#black-pack-icon.webp","tr":"matrix3d(-0.5, 0, 0.866025, 0, 0, 1, 0, 0, -0.866025, 0, -0.5, 0, 0, 0, 0, 1)","o":1,"x":720,"y":437,"w":0,"h":0}]},{"t":1928.7,"n":[{"s":"DIV.pack-carousel-cylinder#black-pack-icon.webp","tr":"matrix3d(-0.5, 0, 0.866025, 0, 0, 1, 0, 0, -0.866025, 0, -0.5, 0, 0, 0, 0, 1)","o":1,"x":720,"y":437,"w":0,"h":0}]},{"t":1944.9,"n":[{"s":"DIV.pack-carousel-cylinder#black-pack-icon.webp","tr":"matrix3d(-0.5, 0, 0.866025, 0, 0, 1, 0, 0, -0.866025, 0, -0.5, 0, 0, 0, 0, 1)","o":1,"x":720,"y":437,"w":0,"h":0}]},{"t":1962.5,"n":[{"s":"DIV.pack-carousel-cylinder#black-pack-icon.webp","tr":"matrix3d(-0.5, 0, 0.866025, 0, 0, 1, 0, 0, -0.866025, 0, -0.5, 0, 0, 0, 0, 1)","o":1,"x":720,"y":437,"w":0,"h":0}]},{"t":1978.9,"n":[{"s":"DIV.pack-carousel-cylinder#black-pack-icon.webp","tr":"matrix3d(-0.5, 0, 0.866025, 0, 0, 1, 0, 0, -0.866025, 0, -0.5, 0, 0, 0, 0, 1)","o":1,"x":720,"y":437,"w":0,"h":0}]},{"t":1995.2,"n":[{"s":"DIV.pack-carousel-cylinder#black-pack-icon.webp","tr":"matrix3d(-0.5, 0, 0.866025, 0, 0, 1, 0, 0, -0.866025, 0, -0.5, 0, 0, 0, 0, 1)","o":1,"x":720,"y":437,"w":0,"h":0}]},{"t":2012.6,"n":[{"s":"DIV.pack-carousel-cylinder#black-pack-icon.webp","tr":"matrix3d(-0.5, 0, 0.866025, 0, 0, 1, 0, 0, -0.866025, 0, -0.5, 0, 0, 0, 0, 1)","o":1,"x":720,"y":437,"w":0,"h":0}]},{"t":2029.3,"n":[{"s":"DIV.pack-carousel-cylinder#black-pack-icon.webp","tr":"matrix3d(-0.5, 0, 0.866025, 0, 0, 1, 0, 0, -0.866025, 0, -0.5, 0, 0, 0, 0, 1)","o":1,"x":720,"y":437,"w":0,"h":0}]},{"t":2045.9,"n":[{"s":"DIV.pack-carousel-cylinder#black-pack-icon.webp","tr":"matrix3d(-0.5, 0, 0.866025, 0, 0, 1, 0, 0, -0.866025, 0, -0.5, 0, 0, 0, 0, 1)","o":1,"x":720,"y":437,"w":0,"h":0}]},{"t":2061.6,"n":[{"s":"DIV.pack-carousel-cylinder#black-pack-icon.webp","tr":"matrix3d(-0.5, 0, 0.866025, 0, 0, 1, 0, 0, -0.866025, 0, -0.5, 0, 0, 0, 0, 1)","o":1,"x":720,"y":437,"w":0,"h":0}]}]}