{"mode":"overlay","arg":null,"frames":[{"t":0.4,"n":[{"s":"DIV.pointer-events-none.absolute.inset-0","tr":"matrix(1, 0, 0, 1, 0, 0)","o":1,"x":0,"y":0,"w":1440,"h":1000},{"s":"DIV.pack-carousel-reflection#black-pack-icon.webp","tr":"matrix3d(1, 0, 0, 0, 0, -1, 0, 0, 0, 0, 1, 0, 0, 394.057, 259.2, 1)","o":0.45,"x":561,"y":698,"w":318,"h":444},{"s":"DIV.pack-carousel-reflection#black-pack-icon.webp","tr":"matrix3d(0.5, 0, -0.866025, 0, 0, -1, 0, 0, 0.866025, 0, 0.5, 0, 224.474, 394.057, 129.6, 1)","o":0.225,"x":913,"y":652,"w":100,"h":479},{"s":"DIV.pack-carousel-reflection#black-pack-icon.webp","tr":"matrix3d(-0.5, 0, -0.866025, 0, 0, -1, 0, 0, 0.866025, 0, -0.5, 0, 224.474, 394.057, -129.6, 1)","o":0,"x":856,"y":618,"w":150,"h":386},{"s":"DIV.pack-carousel-reflection#black-pack-icon.webp","tr":"matrix3d(-1, 0, 0, 0, 0, -1, 0, 0, 0, 0, -1, 0, 0, 394.057, -259.2, 1)","o":0,"x":611,"y":616,"w":219,"h":305},{"s":"DIV.pack-carousel-reflection#black-pack-icon.webp","tr":"matrix3d(-0.5, 0, 0.866025, 0, 0, -1, 0, 0, -0.866025, 0, -0.5, 0, -224.474, 394.057, -129.6, 1)","o":0,"x":434,"y":618,"w":150,"h":386},{"s":"DIV.pack-carousel-reflection#black-pack-icon.webp","tr":"matrix3d(0.5, 0, 0.866025, 0, 0, -1, 0, 0, -0.866025, 0, 0.5, 0, -224.474, 394.057, 129.6, 1)","o":0.225,"x":427,"y":652,"w":100,"h":479},{"s":"DIV.pack-carousel-slot#black-pack-icon.webp","tr":"matrix3d(1, 0, 0, 0, 0, 1, 0, 0, 0, 0, 1, 0, 0, 0, 259.2, 1)","o":1,"x":561,"y":215,"w":318,"h":444},{"s":"DIV.pack-carousel-inner#black-pack-icon.webp","tr":"matrix(1, 0, 0, 1, 0, 0.623276)","o":1,"x":561,"y":215,"w":318,"h":444,"an":"pack-carousel-float|4.4s|ease-in-out"},{"s":"DIV.pack-carousel-slot#black-pack-icon.webp","tr":"matrix3d(0.5, 0, -0.866025, 0, 0, 1, 0, 0, 0.866025, 0, 0.5, 0, 224.474, 0, 129.6, 1)","o":1,"x":913,"y":218,"w":100,"h":438},{"s":"DIV.pack-carousel-inner#black-pack-icon.webp","tr":"matrix(1, 0, 0, 1, 0, 0.623276)","o":1,"x":913,"y":219,"w":100,"h":438,"an":"pack-carousel-float|4.4s|ease-in-out"},{"s":"DIV.pack-carousel-slot#black-pack-icon.webp","tr":"matrix3d(-0.5, 0, -0.866025, 0, 0, 1, 0, 0, 0.866025, 0, -0.5, 0, 224.474, 0, -129.6, 1)","o":0.304,"x":856,"y":258,"w":150,"h":358},{"s":"DIV.pack-carousel-inner#black-pack-icon.webp","tr":"matrix(1, 0, 0, 1, 0, 0.623276)","o":1,"x":856,"y":259,"w":150,"h":358,"an":"pack-carousel-float|4.4s|ease-in-out"},{"s":"DIV.pack-carousel-slot#black-pack-icon.webp","tr":"matrix3d(-1, 0, 0, 0, 0, 1, 0, 0, 0, 0, -1, 0, 0, 0, -259.2, 1)","o":0,"x":611,"y":284,"w":219,"h":305},{"s":"DIV.pack-carousel-inner#black-pack-icon.webp","tr":"matrix(1, 0, 0, 1, 0, 0.623276)","o":1,"x":611,"y":285,"w":219,"h":305,"an":"pack-carousel-float|4.4s|ease-in-out"},{"s":"DIV.pack-carousel-slot#black-pack-icon.webp","tr":"matrix3d(-0.5, 0, 0.866025, 0, 0, 1, 0, 0, -0.866025, 0, -0.5, 0, -224.474, 0, -129.6, 1)","o":0.304,"x":434,"y":258,"w":150,"h":358},{"s":"DIV.pack-carousel-inner#black-pack-icon.webp","tr":"matrix(1, 0, 0, 1, 0, 0.623276)","o":1,"x":434,"y":259,"w":150,"h":358,"an":"pack-carousel-float|4.4s|ease-in-out"},{"s":"DIV.pack-carousel-slot#black-pack-icon.webp","tr":"matrix3d(0.5, 0, 0.866025, 0, 0, 1, 0, 0, -0.866025, 0, 0.5, 0, -224.474, 0, 129.6, 1)","o":1,"x":427,"y":218,"w":100,"h":438},{"s":"DIV.pack-carousel-inner#black-pack-icon.webp","tr":"matrix(1, 0, 0, 1, 0, 0.623276)","o":1,"x":427,"y":219,"w":100,"h":438,"an":"pack-carousel-float|4.4s|ease-in-out"},{"s":"DIV.relative.flex.w-full","tr":"matrix(1, 0, 0, 1, 0, 0)","o":1,"x":0,"y":874,"w":1440,"h":127}],"txt":"SHUFFLE TAP TO SELECT A PACK TO OPEN"},{"t":17,"n":[{"s":"DIV.pointer-events-none.absolute.inset-0","tr":"matrix(1, 0, 0, 1, 0, 0)","o":1,"x":0,"y":0,"w":1440,"h":1000},{"s":"DIV.pack-carousel-reflection#black-pack-icon.webp","tr":"matrix3d(1, 0, 0, 0, 0, -1, 0, 0, 0, 0, 1, 0, 0, 394.057, 259.2, 1)","o":0.45,"x":561,"y":698,"w":318,"h":444},{"s":"DIV.pack-carousel-reflection#black-pack-icon.webp","tr":"matrix3d(0.5, 0, -0.866025, 0, 0, -1, 0, 0, 0.866025, 0, 0.5, 0, 224.474, 394.057, 129.6, 1)","o":0.225,"x":913,"y":652,"w":100,"h":479},{"s":"DIV.pack-carousel-reflection#black-pack-icon.webp","tr":"matrix3d(-0.5, 0, -0.866025, 0, 0, -1, 0, 0, 0.866025, 0, -0.5, 0, 224.474, 394.057, -129.6, 1)","o":0,"x":856,"y":618,"w":150,"h":386},{"s":"DIV.pack-carousel-reflection#black-pack-icon.webp","tr":"matrix3d(-1, 0, 0, 0, 0, -1, 0, 0, 0, 0, -1, 0, 0, 394.057, -259.2, 1)","o":0,"x":611,"y":616,"w":219,"h":305},{"s":"DIV.pack-carousel-reflection#black-pack-icon.webp","tr":"matrix3d(-0.5, 0, 0.866025, 0, 0, -1, 0, 0, -0.866025, 0, -0.5, 0, -224.474, 394.057, -129.6, 1)","o":0,"x":434,"y":618,"w":150,"h":386},{"s":"DIV.pack-carousel-reflection#black-pack-icon.webp","tr":"matrix3d(0.5, 0, 0.866025, 0, 0, -1, 0, 0, -0.866025, 0, 0.5, 0, -224.474, 394.057, 129.6, 1)","o":0.225,"x":427,"y":652,"w":100,"h":479},{"s":"DIV.pack-carousel-slot#black-pack-icon.webp","tr":"matrix3d(1, 0, 0, 0, 0, 1, 0, 0, 0, 0, 1, 0, 0, 0, 259.2, 1)","o":1,"x":561,"y":215,"w":318,"h":444},{"s":"DIV.pack-carousel-inner#black-pack-icon.webp","tr":"matrix(1, 0, 0, 1, 0, 0.726051)","o":1,"x":561,"y":215,"w":318,"h":444,"an":"pack-carousel-float|4.4s|ease-in-out"},{"s":"DIV.pack-carousel-slot#black-pack-icon.webp","tr":"matrix3d(0.5, 0, -0.866025, 0, 0, 1, 0, 0, 0.866025, 0, 0.5, 0, 224.474, 0, 129.6, 1)","o":1,"x":913,"y":218,"w":100,"h":438},{"s":"DIV.pack-carousel-inner#black-pack-icon.webp","tr":"matrix(1, 0, 0, 1, 0, 0.726051)","o":1,"x":913,"y":219,"w":100,"h":438,"an":"pack-carousel-float|4.4s|ease-in-out"},{"s":"DIV.pack-carousel-slot#black-pack-icon.webp","tr":"matrix3d(-0.5, 0, -0.866025, 0, 0, 1, 0, 0, 0.866025, 0, -0.5, 0, 224.474, 0, -129.6, 1)","o":0.304,"x":856,"y":258,"w":150,"h":358},{"s":"DIV.pack-carousel-inner#black-pack-icon.webp","tr":"matrix(1, 0, 0, 1, 0, 0.726051)","o":1,"x":856,"y":259,"w":150,"h":358,"an":"pack-carousel-float|4.4s|ease-in-out"},{"s":"DIV.pack-carousel-slot#black-pack-icon.webp","tr":"matrix3d(-1, 0, 0, 0, 0, 1, 0, 0, 0, 0, -1, 0, 0, 0, -259.2, 1)","o":0,"x":611,"y":284,"w":219,"h":305},{"s":"DIV.pack-carousel-inner#black-pack-icon.webp","tr":"matrix(1, 0, 0, 1, 0, 0.726051)","o":1,"x":611,"y":285,"w":219,"h":305,"an":"pack-carousel-float|4.4s|ease-in-out"},{"s":"DIV.pack-carousel-slot#black-pack-icon.webp","tr":"matrix3d(-0.5, 0, 0.866025, 0, 0, 1, 0, 0, -0.866025, 0, -0.5, 0, -224.474, 0, -129.6, 1)","o":0.304,"x":434,"y":258,"w":150,"h":358},{"s":"DIV.pack-carousel-inner#black-pack-icon.webp","tr":"matrix(1, 0, 0, 1, 0, 0.726051)","o":1,"x":434,"y":259,"w":150,"h":358,"an":"pack-carousel-float|4.4s|ease-in-out"},{"s":"DIV.pack-carousel-slot#black-pack-icon.webp","tr":"matrix3d(0.5, 0, 0.866025, 0, 0, 1, 0, 0, -0.866025, 0, 0.5, 0, -224.474, 0, 129.6, 1)","o":1,"x":427,"y":218,"w":100,"h":438},{"s":"DIV.pack-carousel-inner#black-pack-icon.webp","tr":"matrix(1, 0, 0, 1, 0, 0.726051)","o":1,"x":427,"y":219,"w":100,"h":438,"an":"pack-carousel-float|4.4s|ease-in-out"},{"s":"DIV.relative.flex.w-full","tr":"matrix(1, 0, 0, 1, 0, 0)","o":1,"x":0,"y":874,"w":1440,"h":127}],"txt":"SHUFFLE TAP TO SELECT A PACK TO OPEN"},{"t":33.9,"n":[{"s":"DIV.pointer-events-none.absolute.inset-0","tr":"matrix(1, 0, 0, 1, 0, 0)","o":1,"x":0,"y":0,"w":1440,"h":1000},{"s":"DIV.pack-carousel-reflection#black-pack-icon.webp","tr":"matrix3d(1, 0, 0, 0, 0, -1, 0, 0, 0, 0, 1, 0, 0, 394.057, 259.2, 1)","o":0.45,"x":561,"y":698,"w":318,"h":444},{"s":"DIV.pack-carousel-reflection#black-pack-icon.webp","tr":"matrix3d(0.5, 0, -0.866025, 0, 0, -1, 0, 0, 0.866025, 0, 0.5, 0, 224.474, 394.057, 129.6, 1)","o":0.225,"x":913,"y":652,"w":100,"h":479},{"s":"DIV.pack-carousel-reflection#black-pack-icon.webp","tr":"matrix3d(-0.5, 0, -0.866025, 0, 0, -1, 0, 0, 0.866025, 0, -0.5, 0, 224.474, 394.057, -129.6, 1)","o":0,"x":856,"y":618,"w":150,"h":386},{"s":"DIV.pack-carousel-reflection#black-pack-icon.webp","tr":"matrix3d(-1, 0, 0, 0, 0, -1, 0, 0, 0, 0, -1, 0, 0, 394.057, -259.2, 1)","o":0,"x":611,"y":616,"w":219,"h":305},{"s":"DIV.pack-carousel-reflection#black-pack-icon.webp","tr":"matrix3d(-0.5, 0, 0.866025, 0, 0, -1, 0, 0, -0.866025, 0, -0.5, 0, -224.474, 394.057, -129.6, 1)","o":0,"x":434,"y":618,"w":150,"h":386},{"s":"DIV.pack-carousel-reflection#black-pack-icon.webp","tr":"matrix3d(0.5, 0, 0.866025, 0, 0, -1, 0, 0, -0.866025, 0, 0.5, 0, -224.474, 394.057, 129.6, 1)","o":0.225,"x":427,"y":652,"w":100,"h":479},{"s":"DIV.pack-carousel-slot#black-pack-icon.webp","tr":"matrix3d(1, 0, 0, 0, 0, 1, 0, 0, 0, 0, 1, 0, 0, 0, 259.2, 1)","o":1,"x":561,"y":215,"w":318,"h":444},{"s":"DIV.pack-carousel-inner#black-pack-icon.webp","tr":"matrix(1, 0, 0, 1, 0, 0.827586)","o":1,"x":561,"y":216,"w":318,"h":444,"an":"pack-carousel-float|4.4s|ease-in-out"},{"s":"DIV.pack-carousel-slot#black-pack-icon.webp","tr":"matrix3d(0.5, 0, -0.866025, 0, 0, 1, 0, 0, 0.866025, 0, 0.5, 0, 224.474, 0, 129.6, 1)","o":1,"x":913,"y":218,"w":100,"h":438},{"s":"DIV.pack-carousel-inner#black-pack-icon.webp","tr":"matrix(1, 0, 0, 1, 0, 0.827586)","o":1,"x":913,"y":219,"w":100,"h":438,"an":"pack-carousel-float|4.4s|ease-in-out"},{"s":"DIV.pack-carousel-slot#black-pack-icon.webp","tr":"matrix3d(-0.5, 0, -0.866025, 0, 0, 1, 0, 0, 0.866025, 0, -0.5, 0, 224.474, 0, -129.6, 1)","o":0.304,"x":856,"y":258,"w":150,"h":358},{"s":"DIV.pack-carousel-inner#black-pack-icon.webp","tr":"matrix(1, 0, 0, 1, 0, 0.827586)","o":1,"x":856,"y":259,"w":150,"h":358,"an":"pack-carousel-float|4.4s|ease-in-out"},{"s":"DIV.pack-carousel-slot#black-pack-icon.webp","tr":"matrix3d(-1, 0, 0, 0, 0, 1, 0, 0, 0, 0, -1, 0, 0, 0, -259.2, 1)","o":0,"x":611,"y":284,"w":219,"h":305},{"s":"DIV.pack-carousel-inner#black-pack-icon.webp","tr":"matrix(1, 0, 0, 1, 0, 0.827586)","o":1,"x":611,"y":285,"w":219,"h":305,"an":"pack-carousel-float|4.4s|ease-in-out"},{"s":"DIV.pack-carousel-slot#black-pack-icon.webp","tr":"matrix3d(-0.5, 0, 0.866025, 0, 0, 1, 0, 0, -0.866025, 0, -0.5, 0, -224.474, 0, -129.6, 1)","o":0.304,"x":434,"y":258,"w":150,"h":358},{"s":"DIV.pack-carousel-inner#black-pack-icon.webp","tr":"matrix(1, 0, 0, 1, 0, 0.827586)","o":1,"x":434,"y":259,"w":150,"h":358,"an":"pack-carousel-float|4.4s|ease-in-out"},{"s":"DIV.pack-carousel-slot#black-pack-icon.webp","tr":"matrix3d(0.5, 0, 0.866025, 0, 0, 1, 0, 0, -0.866025, 0, 0.5, 0, -224.474, 0, 129.6, 1)","o":1,"x":427,"y":218,"w":100,"h":438},{"s":"DIV.pack-carousel-inner#black-pack-icon.webp","tr":"matrix(1, 0, 0, 1, 0, 0.827586)","o":1,"x":427,"y":219,"w":100,"h":438,"an":"pack-carousel-float|4.4s|ease-in-out"},{"s":"DIV.relative.flex.w-full","tr":"matrix(1, 0, 0, 1, 0, 0)","o":1,"x":0,"y":874,"w":1440,"h":127}],"txt":"SHUFFLE TAP TO SELECT A PACK TO OPEN"},{"t":50.4,"n":[{"s":"DIV.pointer-events-none.absolute.inset-0","tr":"matrix(1, 0, 0, 1, 0, 0)","o":1,"x":0,"y":0,"w":1440,"h":1000},{"s":"DIV.pack-carousel-reflection#black-pack-icon.webp","tr":"matrix3d(1, 0, 0, 0, 0, -1, 0, 0, 0, 0, 1, 0, 0, 394.057, 259.2, 1)","o":0.45,"x":561,"y":698,"w":318,"h":444},{"s":"DIV.pack-carousel-reflection#black-pack-icon.webp","tr":"matrix3d(0.5, 0, -0.866025, 0, 0, -1, 0, 0, 0.866025, 0, 0.5, 0, 224.474, 394.057, 129.6, 1)","o":0.225,"x":913,"y":652,"w":100,"h":479},{"s":"DIV.pack-carousel-reflection#black-pack-icon.webp","tr":"matrix3d(-0.5, 0, -0.866025, 0, 0, -1, 0, 0, 0.866025, 0, -0.5, 0, 224.474, 394.057, -129.6, 1)","o":0,"x":856,"y":618,"w":150,"h":386},{"s":"DIV.pack-carousel-reflection#black-pack-icon.webp","tr":"matrix3d(-1, 0, 0, 0, 0, -1, 0, 0, 0, 0, -1, 0, 0, 394.057, -259.2, 1)","o":0,"x":611,"y":616,"w":219,"h":305},{"s":"DIV.pack-carousel-reflection#black-pack-icon.webp","tr":"matrix3d(-0.5, 0, 0.866025, 0, 0, -1, 0, 0, -0.866025, 0, -0.5, 0, -224.474, 394.057, -129.6, 1)","o":0,"x":434,"y":618,"w":150,"h":386},{"s":"DIV.pack-carousel-reflection#black-pack-icon.webp","tr":"matrix3d(0.5, 0, 0.866025, 0, 0, -1, 0, 0, -0.866025, 0, 0.5, 0, -224.474, 394.057, 129.6, 1)","o":0.225,"x":427,"y":652,"w":100,"h":479},{"s":"DIV.pack-carousel-slot#black-pack-icon.webp","tr":"matrix3d(1, 0, 0, 0, 0, 1, 0, 0, 0, 0, 1, 0, 0, 0, 259.2, 1)","o":1,"x":561,"y":215,"w":318,"h":444},{"s":"DIV.pack-carousel-inner#black-pack-icon.webp","tr":"matrix(1, 0, 0, 1, 0, 0.929019)","o":1,"x":561,"y":216,"w":318,"h":444,"an":"pack-carousel-float|4.4s|ease-in-out"},{"s":"DIV.pack-carousel-slot#black-pack-icon.webp","tr":"matrix3d(0.5, 0, -0.866025, 0, 0, 1, 0, 0, 0.866025, 0, 0.5, 0, 224.474, 0, 129.6, 1)","o":1,"x":913,"y":218,"w":100,"h":438},{"s":"DIV.pack-carousel-inner#black-pack-icon.webp","tr":"matrix(1, 0, 0, 1, 0, 0.929019)","o":1,"x":913,"y":219,"w":100,"h":438,"an":"pack-carousel-float|4.4s|ease-in-out"},{"s":"DIV.pack-carousel-slot#black-pack-icon.webp","tr":"matrix3d(-0.5, 0, -0.866025, 0, 0, 1, 0, 0, 0.866025, 0, -0.5, 0, 224.474, 0, -129.6, 1)","o":0.304,"x":856,"y":258,"w":150,"h":358},{"s":"DIV.pack-carousel-inner#black-pack-icon.webp","tr":"matrix(1, 0, 0, 1, 0, 0.929019)","o":1,"x":856,"y":259,"w":150,"h":358,"an":"pack-carousel-float|4.4s|ease-in-out"},{"s":"DIV.pack-carousel-slot#black-pack-icon.webp","tr":"matrix3d(-1, 0, 0, 0, 0, 1, 0, 0, 0, 0, -1, 0, 0, 0, -259.2, 1)","o":0,"x":611,"y":284,"w":219,"h":305},{"s":"DIV.pack-carousel-inner#black-pack-icon.webp","tr":"matrix(1, 0, 0, 1, 0, 0.929019)","o":1,"x":611,"y":285,"w":219,"h":305,"an":"pack-carousel-float|4.4s|ease-in-out"},{"s":"DIV.pack-carousel-slot#black-pack-icon.webp","tr":"matrix3d(-0.5, 0, 0.866025, 0, 0, 1, 0, 0, -0.866025, 0, -0.5, 0, -224.474, 0, -129.6, 1)","o":0.304,"x":434,"y":258,"w":150,"h":358},{"s":"DIV.pack-carousel-inner#black-pack-icon.webp","tr":"matrix(1, 0, 0, 1, 0, 0.929019)","o":1,"x":434,"y":259,"w":150,"h":358,"an":"pack-carousel-float|4.4s|ease-in-out"},{"s":"DIV.pack-carousel-slot#black-pack-icon.webp","tr":"matrix3d(0.5, 0, 0.866025, 0, 0, 1, 0, 0, -0.866025, 0, 0.5, 0, -224.474, 0, 129.6, 1)","o":1,"x":427,"y":218,"w":100,"h":438},{"s":"DIV.pack-carousel-inner#black-pack-icon.webp","tr":"matrix(1, 0, 0, 1, 0, 0.929019)","o":1,"x":427,"y":219,"w":100,"h":438,"an":"pack-carousel-float|4.4s|ease-in-out"},{"s":"DIV.relative.flex.w-full","tr":"matrix(1, 0, 0, 1, 0, 0)","o":1,"x":0,"y":874,"w":1440,"h":127}],"txt":"SHUFFLE TAP TO SELECT A PACK TO OPEN"},{"t":67.8,"n":[{"s":"DIV.pointer-events-none.absolute.inset-0","tr":"matrix(1, 0, 0, 1, 0, 0)","o":1,"x":0,"y":0,"w":1440,"h":1000},{"s":"DIV.pack-carousel-reflection#black-pack-icon.webp","tr":"matrix3d(1, 0, 0, 0, 0, -1, 0, 0, 0, 0, 1, 0, 0, 394.057, 259.2, 1)","o":0.45,"x":561,"y":698,"w":318,"h":444},{"s":"DIV.pack-carousel-reflection#black-pack-icon.webp","tr":"matrix3d(0.5, 0, -0.866025, 0, 0, -1, 0, 0, 0.866025, 0, 0.5, 0, 224.474, 394.057, 129.6, 1)","o":0.225,"x":913,"y":652,"w":100,"h":479},{"s":"DIV.pack-carousel-reflection#black-pack-icon.webp","tr":"matrix3d(-0.5, 0, -0.866025, 0, 0, -1, 0, 0, 0.866025, 0, -0.5, 0, 224.474, 394.057, -129.6, 1)","o":0,"x":856,"y":618,"w":150,"h":386},{"s":"DIV.pack-carousel-reflection#black-pack-icon.webp","tr":"matrix3d(-1, 0, 0, 0, 0, -1, 0, 0, 0, 0, -1, 0, 0, 394.057, -259.2, 1)","o":0,"x":611,"y":616,"w":219,"h":305},{"s":"DIV.pack-carousel-reflection#black-pack-icon.webp","tr":"matrix3d(-0.5, 0, 0.866025, 0, 0, -1, 0, 0, -0.866025, 0, -0.5, 0, -224.474, 394.057, -129.6, 1)","o":0,"x":434,"y":618,"w":150,"h":386},{"s":"DIV.pack-carousel-reflection#black-pack-icon.webp","tr":"matrix3d(0.5, 0, 0.866025, 0, 0, -1, 0, 0, -0.866025, 0, 0.5, 0, -224.474, 394.057, 129.6, 1)","o":0.225,"x":427,"y":652,"w":100,"h":479},{"s":"DIV.pack-carousel-slot#black-pack-icon.webp","tr":"matrix3d(1, 0, 0, 0, 0, 1, 0, 0, 0, 0, 1, 0, 0, 0, 259.2, 1)","o":1,"x":561,"y":215,"w":318,"h":444},{"s":"DIV.pack-carousel-inner#black-pack-icon.webp","tr":"matrix(1, 0, 0, 1, 0, 1.02965)","o":1,"x":561,"y":216,"w":318,"h":444,"an":"pack-carousel-float|4.4s|ease-in-out"},{"s":"DIV.pack-carousel-slot#black-pack-icon.webp","tr":"matrix3d(0.5, 0, -0.866025, 0, 0, 1, 0, 0, 0.866025, 0, 0.5, 0, 224.474, 0, 129.6, 1)","o":1,"x":913,"y":218,"w":100,"h":438},{"s":"DIV.pack-carousel-inner#black-pack-icon.webp","tr":"matrix(1, 0, 0, 1, 0, 1.02965)","o":1,"x":913,"y":219,"w":100,"h":438,"an":"pack-carousel-float|4.4s|ease-in-out"},{"s":"DIV.pack-carousel-slot#black-pack-icon.webp","tr":"matrix3d(-0.5, 0, -0.866025, 0, 0, 1, 0, 0, 0.866025, 0, -0.5, 0, 224.474, 0, -129.6, 1)","o":0.304,"x":856,"y":258,"w":150,"h":358},{"s":"DIV.pack-carousel-inner#black-pack-icon.webp","tr":"matrix(1, 0, 0, 1, 0, 1.02965)","o":1,"x":856,"y":259,"w":150,"h":358,"an":"pack-carousel-float|4.4s|ease-in-out"},{"s":"DIV.pack-carousel-slot#black-pack-icon.webp","tr":"matrix3d(-1, 0, 0, 0, 0, 1, 0, 0, 0, 0, -1, 0, 0, 0, -259.2, 1)","o":0,"x":611,"y":284,"w":219,"h":305},{"s":"DIV.pack-carousel-inner#black-pack-icon.webp","tr":"matrix(1, 0, 0, 1, 0, 1.02965)","o":1,"x":611,"y":285,"w":219,"h":305,"an":"pack-carousel-float|4.4s|ease-in-out"},{"s":"DIV.pack-carousel-slot#black-pack-icon.webp","tr":"matrix3d(-0.5, 0, 0.866025, 0, 0, 1, 0, 0, -0.866025, 0, -0.5, 0, -224.474, 0, -129.6, 1)","o":0.304,"x":434,"y":258,"w":150,"h":358},{"s":"DIV.pack-carousel-inner#black-pack-icon.webp","tr":"matrix(1, 0, 0, 1, 0, 1.02965)","o":1,"x":434,"y":259,"w":150,"h":358,"an":"pack-carousel-float|4.4s|ease-in-out"},{"s":"DIV.pack-carousel-slot#black-pack-icon.webp","tr":"matrix3d(0.5, 0, 0.866025, 0, 0, 1, 0, 0, -0.866025, 0, 0.5, 0, -224.474, 0, 129.6, 1)","o":1,"x":427,"y":218,"w":100,"h":438},{"s":"DIV.pack-carousel-inner#black-pack-icon.webp","tr":"matrix(1, 0, 0, 1, 0, 1.02965)","o":1,"x":427,"y":219,"w":100,"h":438,"an":"pack-carousel-float|4.4s|ease-in-out"},{"s":"DIV.relative.flex.w-full","tr":"matrix(1, 0, 0, 1, 0, 0)","o":1,"x":0,"y":874,"w":1440,"h":127}],"txt":"SHUFFLE TAP TO SELECT A PACK TO OPEN"},{"t":83.8,"n":[{"s":"DIV.pointer-events-none.absolute.inset-0","tr":"matrix(1, 0, 0, 1, 0, 0)","o":1,"x":0,"y":0,"w":1440,"h":1000},{"s":"DIV.pack-carousel-reflection#black-pack-icon.webp","tr":"matrix3d(1, 0, 0, 0, 0, -1, 0, 0, 0, 0, 1, 0, 0, 394.057, 259.2, 1)","o":0.45,"x":561,"y":698,"w":318,"h":444},{"s":"DIV.pack-carousel-reflection#black-pack-icon.webp","tr":"matrix3d(0.5, 0, -0.866025, 0, 0, -1, 0, 0, 0.866025, 0, 0.5, 0, 224.474, 394.057, 129.6, 1)","o":0.225,"x":913,"y":652,"w":100,"h":479},{"s":"DIV.pack-carousel-reflection#black-pack-icon.webp","tr":"matrix3d(-0.5, 0, -0.866025, 0, 0, -1, 0, 0, 0.866025, 0, -0.5, 0, 224.474, 394.057, -129.6, 1)","o":0,"x":856,"y":618,"w":150,"h":386},{"s":"DIV.pack-carousel-reflection#black-pack-icon.webp","tr":"matrix3d(-1, 0, 0, 0, 0, -1, 0, 0, 0, 0, -1, 0, 0, 394.057, -259.2, 1)","o":0,"x":611,"y":616,"w":219,"h":305},{"s":"DIV.pack-carousel-reflection#black-pack-icon.webp","tr":"matrix3d(-0.5, 0, 0.866025, 0, 0, -1, 0, 0, -0.866025, 0, -0.5, 0, -224.474, 394.057, -129.6, 1)","o":0,"x":434,"y":618,"w":150,"h":386},{"s":"DIV.pack-carousel-reflection#black-pack-icon.webp","tr":"matrix3d(0.5, 0, 0.866025, 0, 0, -1, 0, 0, -0.866025, 0, 0.5, 0, -224.474, 394.057, 129.6, 1)","o":0.225,"x":427,"y":652,"w":100,"h":479},{"s":"DIV.pack-carousel-slot#black-pack-icon.webp","tr":"matrix3d(1, 0, 0, 0, 0, 1, 0, 0, 0, 0, 1, 0, 0, 0, 259.2, 1)","o":1,"x":561,"y":215,"w":318,"h":444},{"s":"DIV.pack-carousel-inner#black-pack-icon.webp","tr":"matrix(1, 0, 0, 1, 0, 1.1294)","o":1,"x":561,"y":216,"w":318,"h":444,"an":"pack-carousel-float|4.4s|ease-in-out"},{"s":"DIV.pack-carousel-slot#black-pack-icon.webp","tr":"matrix3d(0.5, 0, -0.866025, 0, 0, 1, 0, 0, 0.866025, 0, 0.5, 0, 224.474, 0, 129.6, 1)","o":1,"x":913,"y":218,"w":100,"h":438},{"s":"DIV.pack-carousel-inner#black-pack-icon.webp","tr":"matrix(1, 0, 0, 1, 0, 1.1294)","o":1,"x":913,"y":219,"w":100,"h":438,"an":"pack-carousel-float|4.4s|ease-in-out"},{"s":"DIV.pack-carousel-slot#black-pack-icon.webp","tr":"matrix3d(-0.5, 0, -0.866025, 0, 0, 1, 0, 0, 0.866025, 0, -0.5, 0, 224.474, 0, -129.6, 1)","o":0.304,"x":856,"y":258,"w":150,"h":358},{"s":"DIV.pack-carousel-inner#black-pack-icon.webp","tr":"matrix(1, 0, 0, 1, 0, 1.1294)","o":1,"x":856,"y":259,"w":150,"h":358,"an":"pack-carousel-float|4.4s|ease-in-out"},{"s":"DIV.pack-carousel-slot#black-pack-icon.webp","tr":"matrix3d(-1, 0, 0, 0, 0, 1, 0, 0, 0, 0, -1, 0, 0, 0, -259.2, 1)","o":0,"x":611,"y":284,"w":219,"h":305},{"s":"DIV.pack-carousel-inner#black-pack-icon.webp","tr":"matrix(1, 0, 0, 1, 0, 1.1294)","o":1,"x":611,"y":285,"w":219,"h":305,"an":"pack-carousel-float|4.4s|ease-in-out"},{"s":"DIV.pack-carousel-slot#black-pack-icon.webp","tr":"matrix3d(-0.5, 0, 0.866025, 0, 0, 1, 0, 0, -0.866025, 0, -0.5, 0, -224.474, 0, -129.6, 1)","o":0.304,"x":434,"y":258,"w":150,"h":358},{"s":"DIV.pack-carousel-inner#black-pack-icon.webp","tr":"matrix(1, 0, 0, 1, 0, 1.1294)","o":1,"x":434,"y":259,"w":150,"h":358,"an":"pack-carousel-float|4.4s|ease-in-out"},{"s":"DIV.pack-carousel-slot#black-pack-icon.webp","tr":"matrix3d(0.5, 0, 0.866025, 0, 0, 1, 0, 0, -0.866025, 0, 0.5, 0, -224.474, 0, 129.6, 1)","o":1,"x":427,"y":218,"w":100,"h":438},{"s":"DIV.pack-carousel-inner#black-pack-icon.webp","tr":"matrix(1, 0, 0, 1, 0, 1.1294)","o":1,"x":427,"y":219,"w":100,"h":438,"an":"pack-carousel-float|4.4s|ease-in-out"},{"s":"DIV.relative.flex.w-full","tr":"matrix(1, 0, 0, 1, 0, 0)","o":1,"x":0,"y":874,"w":1440,"h":127}],"txt":"SHUFFLE TAP TO SELECT A PACK TO OPEN"},{"t":100.4,"n":[{"s":"DIV.pointer-events-none.absolute.inset-0","tr":"matrix(1, 0, 0, 1, 0, 0)","o":1,"x":0,"y":0,"w":1440,"h":1000},{"s":"DIV.pack-carousel-reflection#black-pack-icon.webp","tr":"matrix3d(1, 0, 0, 0, 0, -1, 0, 0, 0, 0, 1, 0, 0, 394.057, 259.2, 1)","o":0.45,"x":561,"y":698,"w":318,"h":444},{"s":"DIV.pack-carousel-reflection#black-pack-icon.webp","tr":"matrix3d(0.5, 0, -0.866025, 0, 0, -1, 0, 0, 0.866025, 0, 0.5, 0, 224.474, 394.057, 129.6, 1)","o":0.225,"x":913,"y":652,"w":100,"h":479},{"s":"DIV.pack-carousel-reflection#black-pack-icon.webp","tr":"matrix3d(-0.5, 0, -0.866025, 0, 0, -1, 0, 0, 0.866025, 0, -0.5, 0, 224.474, 394.057, -129.6, 1)","o":0,"x":856,"y":618,"w":150,"h":386},{"s":"DIV.pack-carousel-reflection#black-pack-icon.webp","tr":"matrix3d(-1, 0, 0, 0, 0, -1, 0, 0, 0, 0, -1, 0, 0, 394.057, -259.2, 1)","o":0,"x":611,"y":616,"w":219,"h":305},{"s":"DIV.pack-carousel-reflection#black-pack-icon.webp","tr":"matrix3d(-0.5, 0, 0.866025, 0, 0, -1, 0, 0, -0.866025, 0, -0.5, 0, -224.474, 394.057, -129.6, 1)","o":0,"x":434,"y":618,"w":150,"h":386},{"s":"DIV.pack-carousel-reflection#black-pack-icon.webp","tr":"matrix3d(0.5, 0, 0.866025, 0, 0, -1, 0, 0, -0.866025, 0, 0.5, 0, -224.474, 394.057, 129.6, 1)","o":0.225,"x":427,"y":652,"w":100,"h":479},{"s":"DIV.pack-carousel-slot#black-pack-icon.webp","tr":"matrix3d(1, 0, 0, 0, 0, 1, 0, 0, 0, 0, 1, 0, 0, 0, 259.2, 1)","o":1,"x":561,"y":215,"w":318,"h":444},{"s":"DIV.pack-carousel-inner#black-pack-icon.webp","tr":"matrix(1, 0, 0, 1, 0, 1.22761)","o":1,"x":561,"y":216,"w":318,"h":444,"an":"pack-carousel-float|4.4s|ease-in-out"},{"s":"DIV.pack-carousel-slot#black-pack-icon.webp","tr":"matrix3d(0.5, 0, -0.866025, 0, 0, 1, 0, 0, 0.866025, 0, 0.5, 0, 224.474, 0, 129.6, 1)","o":1,"x":913,"y":218,"w":100,"h":438},{"s":"DIV.pack-carousel-inner#black-pack-icon.webp","tr":"matrix(1, 0, 0, 1, 0, 1.22761)","o":1,"x":913,"y":219,"w":100,"h":438,"an":"pack-carousel-float|4.4s|ease-in-out"},{"s":"DIV.pack-carousel-slot#black-pack-icon.webp","tr":"matrix3d(-0.5, 0, -0.866025, 0, 0, 1, 0, 0, 0.866025, 0, -0.5, 0, 224.474, 0, -129.6, 1)","o":0.304,"x":856,"y":258,"w":150,"h":358},{"s":"DIV.pack-carousel-inner#black-pack-icon.webp","tr":"matrix(1, 0, 0, 1, 0, 1.22761)","o":1,"x":856,"y":259,"w":150,"h":358,"an":"pack-carousel-float|4.4s|ease-in-out"},{"s":"DIV.pack-carousel-slot#black-pack-icon.webp","tr":"matrix3d(-1, 0, 0, 0, 0, 1, 0, 0, 0, 0, -1, 0, 0, 0, -259.2, 1)","o":0,"x":611,"y":284,"w":219,"h":305},{"s":"DIV.pack-carousel-inner#black-pack-icon.webp","tr":"matrix(1, 0, 0, 1, 0, 1.22761)","o":1,"x":611,"y":285,"w":219,"h":305,"an":"pack-carousel-float|4.4s|ease-in-out"},{"s":"DIV.pack-carousel-slot#black-pack-icon.webp","tr":"matrix3d(-0.5, 0, 0.866025, 0, 0, 1, 0, 0, -0.866025, 0, -0.5, 0, -224.474, 0, -129.6, 1)","o":0.304,"x":434,"y":258,"w":150,"h":358},{"s":"DIV.pack-carousel-inner#black-pack-icon.webp","tr":"matrix(1, 0, 0, 1, 0, 1.22761)","o":1,"x":434,"y":259,"w":150,"h":358,"an":"pack-carousel-float|4.4s|ease-in-out"},{"s":"DIV.pack-carousel-slot#black-pack-icon.webp","tr":"matrix3d(0.5, 0, 0.866025, 0, 0, 1, 0, 0, -0.866025, 0, 0.5, 0, -224.474, 0, 129.6, 1)","o":1,"x":427,"y":218,"w":100,"h":438},{"s":"DIV.pack-carousel-inner#black-pack-icon.webp","tr":"matrix(1, 0, 0, 1, 0, 1.22761)","o":1,"x":427,"y":219,"w":100,"h":438,"an":"pack-carousel-float|4.4s|ease-in-out"},{"s":"DIV.relative.flex.w-full","tr":"matrix(1, 0, 0, 1, 0, 0)","o":1,"x":0,"y":874,"w":1440,"h":127}],"txt":"SHUFFLE TAP TO SELECT A PACK TO OPEN"},{"t":116.4,"n":[{"s":"DIV.pointer-events-none.absolute.inset-0","tr":"matrix(1, 0, 0, 1, 0, 0)","o":1,"x":0,"y":0,"w":1440,"h":1000},{"s":"DIV.pack-carousel-reflection#black-pack-icon.webp","tr":"matrix3d(1, 0, 0, 0, 0, -1, 0, 0, 0, 0, 1, 0, 0, 394.057, 259.2, 1)","o":0.45,"x":561,"y":698,"w":318,"h":444},{"s":"DIV.pack-carousel-reflection#black-pack-icon.webp","tr":"matrix3d(0.5, 0, -0.866025, 0, 0, -1, 0, 0, 0.866025, 0, 0.5, 0, 224.474, 394.057, 129.6, 1)","o":0.225,"x":913,"y":652,"w":100,"h":479},{"s":"DIV.pack-carousel-reflection#black-pack-icon.webp","tr":"matrix3d(-0.5, 0, -0.866025, 0, 0, -1, 0, 0, 0.866025, 0, -0.5, 0, 224.474, 394.057, -129.6, 1)","o":0,"x":856,"y":618,"w":150,"h":386},{"s":"DIV.pack-carousel-reflection#black-pack-icon.webp","tr":"matrix3d(-1, 0, 0, 0, 0, -1, 0, 0, 0, 0, -1, 0, 0, 394.057, -259.2, 1)","o":0,"x":611,"y":616,"w":219,"h":305},{"s":"DIV.pack-carousel-reflection#black-pack-icon.webp","tr":"matrix3d(-0.5, 0, 0.866025, 0, 0, -1, 0, 0, -0.866025, 0, -0.5, 0, -224.474, 394.057, -129.6, 1)","o":0,"x":434,"y":618,"w":150,"h":386},{"s":"DIV.pack-carousel-reflection#black-pack-icon.webp","tr":"matrix3d(0.5, 0, 0.866025, 0, 0, -1, 0, 0, -0.866025, 0, 0.5, 0, -224.474, 394.057, 129.6, 1)","o":0.225,"x":427,"y":652,"w":100,"h":479},{"s":"DIV.pack-carousel-slot#black-pack-icon.webp","tr":"matrix3d(1, 0, 0, 0, 0, 1, 0, 0, 0, 0, 1, 0, 0, 0, 259.2, 1)","o":1,"x":561,"y":215,"w":318,"h":444},{"s":"DIV.pack-carousel-inner#black-pack-icon.webp","tr":"matrix(1, 0, 0, 1, 0, 1.32537)","o":1,"x":561,"y":216,"w":318,"h":444,"an":"pack-carousel-float|4.4s|ease-in-out"},{"s":"DIV.pack-carousel-slot#black-pack-icon.webp","tr":"matrix3d(0.5, 0, -0.866025, 0, 0, 1, 0, 0, 0.866025, 0, 0.5, 0, 224.474, 0, 129.6, 1)","o":1,"x":913,"y":218,"w":100,"h":438},{"s":"DIV.pack-carousel-inner#black-pack-icon.webp","tr":"matrix(1, 0, 0, 1, 0, 1.32537)","o":1,"x":913,"y":220,"w":100,"h":438,"an":"pack-carousel-float|4.4s|ease-in-out"},{"s":"DIV.pack-carousel-slot#black-pack-icon.webp","tr":"matrix3d(-0.5, 0, -0.866025, 0, 0, 1, 0, 0, 0.866025, 0, -0.5, 0, 224.474, 0, -129.6, 1)","o":0.304,"x":856,"y":258,"w":150,"h":358},{"s":"DIV.pack-carousel-inner#black-pack-icon.webp","tr":"matrix(1, 0, 0, 1, 0, 1.32537)","o":1,"x":856,"y":259,"w":150,"h":358,"an":"pack-carousel-float|4.4s|ease-in-out"},{"s":"DIV.pack-carousel-slot#black-pack-icon.webp","tr":"matrix3d(-1, 0, 0, 0, 0, 1, 0, 0, 0, 0, -1, 0, 0, 0, -259.2, 1)","o":0,"x":611,"y":284,"w":219,"h":305},{"s":"DIV.pack-carousel-inner#black-pack-icon.webp","tr":"matrix(1, 0, 0, 1, 0, 1.32537)","o":1,"x":611,"y":285,"w":219,"h":305,"an":"pack-carousel-float|4.4s|ease-in-out"},{"s":"DIV.pack-carousel-slot#black-pack-icon.webp","tr":"matrix3d(-0.5, 0, 0.866025, 0, 0, 1, 0, 0, -0.866025, 0, -0.5, 0, -224.474, 0, -129.6, 1)","o":0.304,"x":434,"y":258,"w":150,"h":358},{"s":"DIV.pack-carousel-inner#black-pack-icon.webp","tr":"matrix(1, 0, 0, 1, 0, 1.32537)","o":1,"x":434,"y":259,"w":150,"h":358,"an":"pack-carousel-float|4.4s|ease-in-out"},{"s":"DIV.pack-carousel-slot#black-pack-icon.webp","tr":"matrix3d(0.5, 0, 0.866025, 0, 0, 1, 0, 0, -0.866025, 0, 0.5, 0, -224.474, 0, 129.6, 1)","o":1,"x":427,"y":218,"w":100,"h":438},{"s":"DIV.pack-carousel-inner#black-pack-icon.webp","tr":"matrix(1, 0, 0, 1, 0, 1.32537)","o":1,"x":427,"y":220,"w":100,"h":438,"an":"pack-carousel-float|4.4s|ease-in-out"},{"s":"DIV.relative.flex.w-full","tr":"matrix(1, 0, 0, 1, 0, 0)","o":1,"x":0,"y":874,"w":1440,"h":127}],"txt":"SHUFFLE TAP TO SELECT A PACK TO OPEN"},{"t":133.2,"n":[{"s":"DIV.pointer-events-none.absolute.inset-0","tr":"matrix(1, 0, 0, 1, 0, 0)","o":1,"x":0,"y":0,"w":1440,"h":1000},{"s":"DIV.pack-carousel-reflection#black-pack-icon.webp","tr":"matrix3d(1, 0, 0, 0, 0, -1, 0, 0, 0, 0, 1, 0, 0, 394.057, 259.2, 1)","o":0.45,"x":561,"y":698,"w":318,"h":444},{"s":"DIV.pack-carousel-reflection#black-pack-icon.webp","tr":"matrix3d(0.5, 0, -0.866025, 0, 0, -1, 0, 0, 0.866025, 0, 0.5, 0, 224.474, 394.057, 129.6, 1)","o":0.225,"x":913,"y":652,"w":100,"h":479},{"s":"DIV.pack-carousel-reflection#black-pack-icon.webp","tr":"matrix3d(-0.5, 0, -0.866025, 0, 0, -1, 0, 0, 0.866025, 0, -0.5, 0, 224.474, 394.057, -129.6, 1)","o":0,"x":856,"y":618,"w":150,"h":386},{"s":"DIV.pack-carousel-reflection#black-pack-icon.webp","tr":"matrix3d(-1, 0, 0, 0, 0, -1, 0, 0, 0, 0, -1, 0, 0, 394.057, -259.2, 1)","o":0,"x":611,"y":616,"w":219,"h":305},{"s":"DIV.pack-carousel-reflection#black-pack-icon.webp","tr":"matrix3d(-0.5, 0, 0.866025, 0, 0, -1, 0, 0, -0.866025, 0, -0.5, 0, -224.474, 394.057, -129.6, 1)","o":0,"x":434,"y":618,"w":150,"h":386},{"s":"DIV.pack-carousel-reflection#black-pack-icon.webp","tr":"matrix3d(0.5, 0, 0.866025, 0, 0, -1, 0, 0, -0.866025, 0, 0.5, 0, -224.474, 394.057, 129.6, 1)","o":0.225,"x":427,"y":652,"w":100,"h":479},{"s":"DIV.pack-carousel-slot#black-pack-icon.webp","tr":"matrix3d(1, 0, 0, 0, 0, 1, 0, 0, 0, 0, 1, 0, 0, 0, 259.2, 1)","o":1,"x":561,"y":215,"w":318,"h":444},{"s":"DIV.pack-carousel-inner#black-pack-icon.webp","tr":"matrix(1, 0, 0, 1, 0, 1.42144)","o":1,"x":561,"y":216,"w":318,"h":444,"an":"pack-carousel-float|4.4s|ease-in-out"},{"s":"DIV.pack-carousel-slot#black-pack-icon.webp","tr":"matrix3d(0.5, 0, -0.866025, 0, 0, 1, 0, 0, 0.866025, 0, 0.5, 0, 224.474, 0, 129.6, 1)","o":1,"x":913,"y":218,"w":100,"h":438},{"s":"DIV.pack-carousel-inner#black-pack-icon.webp","tr":"matrix(1, 0, 0, 1, 0, 1.42144)","o":1,"x":913,"y":220,"w":100,"h":438,"an":"pack-carousel-float|4.4s|ease-in-out"},{"s":"DIV.pack-carousel-slot#black-pack-icon.webp","tr":"matrix3d(-0.5, 0, -0.866025, 0, 0, 1, 0, 0, 0.866025, 0, -0.5, 0, 224.474, 0, -129.6, 1)","o":0.304,"x":856,"y":258,"w":150,"h":358},{"s":"DIV.pack-carousel-inner#black-pack-icon.webp","tr":"matrix(1, 0, 0, 1, 0, 1.42144)","o":1,"x":856,"y":259,"w":150,"h":358,"an":"pack-carousel-float|4.4s|ease-in-out"},{"s":"DIV.pack-carousel-slot#black-pack-icon.webp","tr":"matrix3d(-1, 0, 0, 0, 0, 1, 0, 0, 0, 0, -1, 0, 0, 0, -259.2, 1)","o":0,"x":611,"y":284,"w":219,"h":305},{"s":"DIV.pack-carousel-inner#black-pack-icon.webp","tr":"matrix(1, 0, 0, 1, 0, 1.42144)","o":1,"x":611,"y":285,"w":219,"h":305,"an":"pack-carousel-float|4.4s|ease-in-out"},{"s":"DIV.pack-carousel-slot#black-pack-icon.webp","tr":"matrix3d(-0.5, 0, 0.866025, 0, 0, 1, 0, 0, -0.866025, 0, -0.5, 0, -224.474, 0, -129.6, 1)","o":0.304,"x":434,"y":258,"w":150,"h":358},{"s":"DIV.pack-carousel-inner#black-pack-icon.webp","tr":"matrix(1, 0, 0, 1, 0, 1.42144)","o":1,"x":434,"y":259,"w":150,"h":358,"an":"pack-carousel-float|4.4s|ease-in-out"},{"s":"DIV.pack-carousel-slot#black-pack-icon.webp","tr":"matrix3d(0.5, 0, 0.866025, 0, 0, 1, 0, 0, -0.866025, 0, 0.5, 0, -224.474, 0, 129.6, 1)","o":1,"x":427,"y":218,"w":100,"h":438},{"s":"DIV.pack-carousel-inner#black-pack-icon.webp","tr":"matrix(1, 0, 0, 1, 0, 1.42144)","o":1,"x":427,"y":220,"w":100,"h":438,"an":"pack-carousel-float|4.4s|ease-in-out"},{"s":"DIV.relative.flex.w-full","tr":"matrix(1, 0, 0, 1, 0, 0)","o":1,"x":0,"y":874,"w":1440,"h":127}],"txt":"SHUFFLE TAP TO SELECT A PACK TO OPEN"},{"t":150.7,"n":[{"s":"DIV.pointer-events-none.absolute.inset-0","tr":"matrix(1, 0, 0, 1, 0, 0)","o":1,"x":0,"y":0,"w":1440,"h":1000},{"s":"DIV.pack-carousel-reflection#black-pack-icon.webp","tr":"matrix3d(1, 0, 0, 0, 0, -1, 0, 0, 0, 0, 1, 0, 0, 394.057, 259.2, 1)","o":0.45,"x":561,"y":698,"w":318,"h":444},{"s":"DIV.pack-carousel-reflection#black-pack-icon.webp","tr":"matrix3d(0.5, 0, -0.866025, 0, 0, -1, 0, 0, 0.866025, 0, 0.5, 0, 224.474, 394.057, 129.6, 1)","o":0.225,"x":913,"y":652,"w":100,"h":479},{"s":"DIV.pack-carousel-reflection#black-pack-icon.webp","tr":"matrix3d(-0.5, 0, -0.866025, 0, 0, -1, 0, 0, 0.866025, 0, -0.5, 0, 224.474, 394.057, -129.6, 1)","o":0,"x":856,"y":618,"w":150,"h":386},{"s":"DIV.pack-carousel-reflection#black-pack-icon.webp","tr":"matrix3d(-1, 0, 0, 0, 0, -1, 0, 0, 0, 0, -1, 0, 0, 394.057, -259.2, 1)","o":0,"x":611,"y":616,"w":219,"h":305},{"s":"DIV.pack-carousel-reflection#black-pack-icon.webp","tr":"matrix3d(-0.5, 0, 0.866025, 0, 0, -1, 0, 0, -0.866025, 0, -0.5, 0, -224.474, 394.057, -129.6, 1)","o":0,"x":434,"y":618,"w":150,"h":386},{"s":"DIV.pack-carousel-reflection#black-pack-icon.webp","tr":"matrix3d(0.5, 0, 0.866025, 0, 0, -1, 0, 0, -0.866025, 0, 0.5, 0, -224.474, 394.057, 129.6, 1)","o":0.225,"x":427,"y":652,"w":100,"h":479},{"s":"DIV.pack-carousel-slot#black-pack-icon.webp","tr":"matrix3d(1, 0, 0, 0, 0, 1, 0, 0, 0, 0, 1, 0, 0, 0, 259.2, 1)","o":1,"x":561,"y":215,"w":318,"h":444},{"s":"DIV.pack-carousel-inner#black-pack-icon.webp","tr":"matrix(1, 0, 0, 1, 0, 1.51692)","o":1,"x":561,"y":216,"w":318,"h":444,"an":"pack-carousel-float|4.4s|ease-in-out"},{"s":"DIV.pack-carousel-slot#black-pack-icon.webp","tr":"matrix3d(0.5, 0, -0.866025, 0, 0, 1, 0, 0, 0.866025, 0, 0.5, 0, 224.474, 0, 129.6, 1)","o":1,"x":913,"y":218,"w":100,"h":438},{"s":"DIV.pack-carousel-inner#black-pack-icon.webp","tr":"matrix(1, 0, 0, 1, 0, 1.51692)","o":1,"x":913,"y":220,"w":100,"h":438,"an":"pack-carousel-float|4.4s|ease-in-out"},{"s":"DIV.pack-carousel-slot#black-pack-icon.webp","tr":"matrix3d(-0.5, 0, -0.866025, 0, 0, 1, 0, 0, 0.866025, 0, -0.5, 0, 224.474, 0, -129.6, 1)","o":0.304,"x":856,"y":258,"w":150,"h":358},{"s":"DIV.pack-carousel-inner#black-pack-icon.webp","tr":"matrix(1, 0, 0, 1, 0, 1.51692)","o":1,"x":856,"y":259,"w":150,"h":358,"an":"pack-carousel-float|4.4s|ease-in-out"},{"s":"DIV.pack-carousel-slot#black-pack-icon.webp","tr":"matrix3d(-1, 0, 0, 0, 0, 1, 0, 0, 0, 0, -1, 0, 0, 0, -259.2, 1)","o":0,"x":611,"y":284,"w":219,"h":305},{"s":"DIV.pack-carousel-inner#black-pack-icon.webp","tr":"matrix(1, 0, 0, 1, 0, 1.51692)","o":1,"x":611,"y":285,"w":219,"h":305,"an":"pack-carousel-float|4.4s|ease-in-out"},{"s":"DIV.pack-carousel-slot#black-pack-icon.webp","tr":"matrix3d(-0.5, 0, 0.866025, 0, 0, 1, 0, 0, -0.866025, 0, -0.5, 0, -224.474, 0, -129.6, 1)","o":0.304,"x":434,"y":258,"w":150,"h":358},{"s":"DIV.pack-carousel-inner#black-pack-icon.webp","tr":"matrix(1, 0, 0, 1, 0, 1.51692)","o":1,"x":434,"y":259,"w":150,"h":358,"an":"pack-carousel-float|4.4s|ease-in-out"},{"s":"DIV.pack-carousel-slot#black-pack-icon.webp","tr":"matrix3d(0.5, 0, 0.866025, 0, 0, 1, 0, 0, -0.866025, 0, 0.5, 0, -224.474, 0, 129.6, 1)","o":1,"x":427,"y":218,"w":100,"h":438},{"s":"DIV.pack-carousel-inner#black-pack-icon.webp","tr":"matrix(1, 0, 0, 1, 0, 1.51692)","o":1,"x":427,"y":220,"w":100,"h":438,"an":"pack-carousel-float|4.4s|ease-in-out"},{"s":"DIV.relative.flex.w-full","tr":"matrix(1, 0, 0, 1, 0, 0)","o":1,"x":0,"y":874,"w":1440,"h":127}],"txt":"SHUFFLE TAP TO SELECT A PACK TO OPEN"},{"t":167.2,"n":[{"s":"DIV.pointer-events-none.absolute.inset-0","tr":"matrix(1, 0, 0, 1, 0, 0)","o":1,"x":0,"y":0,"w":1440,"h":1000},{"s":"DIV.pack-carousel-reflection#black-pack-icon.webp","tr":"matrix3d(1, 0, 0, 0, 0, -1, 0, 0, 0, 0, 1, 0, 0, 394.057, 259.2, 1)","o":0.45,"x":561,"y":698,"w":318,"h":444},{"s":"DIV.pack-carousel-reflection#black-pack-icon.webp","tr":"matrix3d(0.5, 0, -0.866025, 0, 0, -1, 0, 0, 0.866025, 0, 0.5, 0, 224.474, 394.057, 129.6, 1)","o":0.225,"x":913,"y":652,"w":100,"h":479},{"s":"DIV.pack-carousel-reflection#black-pack-icon.webp","tr":"matrix3d(-0.5, 0, -0.866025, 0, 0, -1, 0, 0, 0.866025, 0, -0.5, 0, 224.474, 394.057, -129.6, 1)","o":0,"x":856,"y":618,"w":150,"h":386},{"s":"DIV.pack-carousel-reflection#black-pack-icon.webp","tr":"matrix3d(-1, 0, 0, 0, 0, -1, 0, 0, 0, 0, -1, 0, 0, 394.057, -259.2, 1)","o":0,"x":611,"y":616,"w":219,"h":305},{"s":"DIV.pack-carousel-reflection#black-pack-icon.webp","tr":"matrix3d(-0.5, 0, 0.866025, 0, 0, -1, 0, 0, -0.866025, 0, -0.5, 0, -224.474, 394.057, -129.6, 1)","o":0,"x":434,"y":618,"w":150,"h":386},{"s":"DIV.pack-carousel-reflection#black-pack-icon.webp","tr":"matrix3d(0.5, 0, 0.866025, 0, 0, -1, 0, 0, -0.866025, 0, 0.5, 0, -224.474, 394.057, 129.6, 1)","o":0.225,"x":427,"y":652,"w":100,"h":479},{"s":"DIV.pack-carousel-slot#black-pack-icon.webp","tr":"matrix3d(1, 0, 0, 0, 0, 1, 0, 0, 0, 0, 1, 0, 0, 0, 259.2, 1)","o":1,"x":561,"y":215,"w":318,"h":444},{"s":"DIV.pack-carousel-inner#black-pack-icon.webp","tr":"matrix(1, 0, 0, 1, 0, 1.61114)","o":1,"x":561,"y":217,"w":318,"h":444,"an":"pack-carousel-float|4.4s|ease-in-out"},{"s":"DIV.pack-carousel-slot#black-pack-icon.webp","tr":"matrix3d(0.5, 0, -0.866025, 0, 0, 1, 0, 0, 0.866025, 0, 0.5, 0, 224.474, 0, 129.6, 1)","o":1,"x":913,"y":218,"w":100,"h":438},{"s":"DIV.pack-carousel-inner#black-pack-icon.webp","tr":"matrix(1, 0, 0, 1, 0, 1.61114)","o":1,"x":913,"y":220,"w":100,"h":438,"an":"pack-carousel-float|4.4s|ease-in-out"},{"s":"DIV.pack-carousel-slot#black-pack-icon.webp","tr":"matrix3d(-0.5, 0, -0.866025, 0, 0, 1, 0, 0, 0.866025, 0, -0.5, 0, 224.474, 0, -129.6, 1)","o":0.304,"x":856,"y":258,"w":150,"h":358},{"s":"DIV.pack-carousel-inner#black-pack-icon.webp","tr":"matrix(1, 0, 0, 1, 0, 1.61114)","o":1,"x":856,"y":260,"w":150,"h":358,"an":"pack-carousel-float|4.4s|ease-in-out"},{"s":"DIV.pack-carousel-slot#black-pack-icon.webp","tr":"matrix3d(-1, 0, 0, 0, 0, 1, 0, 0, 0, 0, -1, 0, 0, 0, -259.2, 1)","o":0,"x":611,"y":284,"w":219,"h":305},{"s":"DIV.pack-carousel-inner#black-pack-icon.webp","tr":"matrix(1, 0, 0, 1, 0, 1.61114)","o":1,"x":611,"y":285,"w":219,"h":305,"an":"pack-carousel-float|4.4s|ease-in-out"},{"s":"DIV.pack-carousel-slot#black-pack-icon.webp","tr":"matrix3d(-0.5, 0, 0.866025, 0, 0, 1, 0, 0, -0.866025, 0, -0.5, 0, -224.474, 0, -129.6, 1)","o":0.304,"x":434,"y":258,"w":150,"h":358},{"s":"DIV.pack-carousel-inner#black-pack-icon.webp","tr":"matrix(1, 0, 0, 1, 0, 1.61114)","o":1,"x":434,"y":260,"w":150,"h":358,"an":"pack-carousel-float|4.4s|ease-in-out"},{"s":"DIV.pack-carousel-slot#black-pack-icon.webp","tr":"matrix3d(0.5, 0, 0.866025, 0, 0, 1, 0, 0, -0.866025, 0, 0.5, 0, -224.474, 0, 129.6, 1)","o":1,"x":427,"y":218,"w":100,"h":438},{"s":"DIV.pack-carousel-inner#black-pack-icon.webp","tr":"matrix(1, 0, 0, 1, 0, 1.61114)","o":1,"x":427,"y":220,"w":100,"h":438,"an":"pack-carousel-float|4.4s|ease-in-out"},{"s":"DIV.relative.flex.w-full","tr":"matrix(1, 0, 0, 1, 0, 0)","o":1,"x":0,"y":874,"w":1440,"h":127}],"txt":"SHUFFLE TAP TO SELECT A PACK TO OPEN"},{"t":183.4,"n":[{"s":"DIV.pointer-events-none.absolute.inset-0","tr":"matrix(1, 0, 0, 1, 0, 0)","o":1,"x":0,"y":0,"w":1440,"h":1000},{"s":"DIV.pack-carousel-reflection#black-pack-icon.webp","tr":"matrix3d(1, 0, 0, 0, 0, -1, 0, 0, 0, 0, 1, 0, 0, 394.057, 259.2, 1)","o":0.45,"x":561,"y":698,"w":318,"h":444},{"s":"DIV.pack-carousel-reflection#black-pack-icon.webp","tr":"matrix3d(0.5, 0, -0.866025, 0, 0, -1, 0, 0, 0.866025, 0, 0.5, 0, 224.474, 394.057, 129.6, 1)","o":0.225,"x":913,"y":652,"w":100,"h":479},{"s":"DIV.pack-carousel-reflection#black-pack-icon.webp","tr":"matrix3d(-0.5, 0, -0.866025, 0, 0, -1, 0, 0, 0.866025, 0, -0.5, 0, 224.474, 394.057, -129.6, 1)","o":0,"x":856,"y":618,"w":150,"h":386},{"s":"DIV.pack-carousel-reflection#black-pack-icon.webp","tr":"matrix3d(-1, 0, 0, 0, 0, -1, 0, 0, 0, 0, -1, 0, 0, 394.057, -259.2, 1)","o":0,"x":611,"y":616,"w":219,"h":305},{"s":"DIV.pack-carousel-reflection#black-pack-icon.webp","tr":"matrix3d(-0.5, 0, 0.866025, 0, 0, -1, 0, 0, -0.866025, 0, -0.5, 0, -224.474, 394.057, -129.6, 1)","o":0,"x":434,"y":618,"w":