{"mode":"overlay","arg":null,"frames":[{"t":1.7,"n":[{"s":"DIV.pointer-events-none.absolute.inset-0","tr":"matrix(1, 0, 0, 1, 0, 0)","o":1,"x":0,"y":0,"w":1440,"h":1000},{"s":"DIV.pack-carousel-reflection#black-pack-icon.webp","tr":"matrix3d(1, 0, 0, 0, 0, -1, 0, 0, 0, 0, 1, 0, 0, 394.057, 259.2, 1)","o":0.303,"x":849,"y":662,"w":166,"h":487},{"s":"DIV.pack-carousel-reflection#black-pack-icon.webp","tr":"matrix3d(0.5, 0, -0.866025, 0, 0, -1, 0, 0, 0.866025, 0, 0.5, 0, 224.474, 394.057, 129.6, 1)","o":0,"x":901,"y":623,"w":114,"h":408},{"s":"DIV.pack-carousel-reflection#black-pack-icon.webp","tr":"matrix3d(-0.5, 0, -0.866025, 0, 0, -1, 0, 0, 0.866025, 0, -0.5, 0, 224.474, 394.057, -129.6, 1)","o":0,"x":661,"y":614,"w":216,"h":318},{"s":"DIV.pack-carousel-reflection#black-pack-icon.webp","tr":"matrix3d(-1, 0, 0, 0, 0, -1, 0, 0, 0, 0, -1, 0, 0, 394.057, -259.2, 1)","o":0,"x":456,"y":615,"w":177,"h":366},{"s":"DIV.pack-carousel-reflection#black-pack-icon.webp","tr":"matrix3d(-0.5, 0, 0.866025, 0, 0, -1, 0, 0, -0.866025, 0, -0.5, 0, -224.474, 394.057, -129.6, 1)","o":0.137,"x":443,"y":643,"w":35,"h":466},{"s":"DIV.pack-carousel-reflection#black-pack-icon.webp","tr":"matrix3d(0.5, 0, 0.866025, 0, 0, -1, 0, 0, -0.866025, 0, 0.5, 0, -224.474, 394.057, 129.6, 1)","o":0.44,"x":503,"y":691,"w":306,"h":465},{"s":"DIV.pack-carousel-slot#black-pack-icon.webp","tr":"matrix3d(1, 0, 0, 0, 0, 1, 0, 0, 0, 0, 1, 0, 0, 0, 259.2, 1)","o":1,"x":849,"y":212,"w":166,"h":449},{"s":"DIV.pack-carousel-inner#black-pack-icon.webp","tr":"matrix(1, 0, 0, 1, 0, -0.00228213)","o":1,"x":849,"y":212,"w":166,"h":449,"an":"pack-carousel-float|4.4s|ease-in-out"},{"s":"DIV.pack-carousel-slot#black-pack-icon.webp","tr":"matrix3d(0.5, 0, -0.866025, 0, 0, 1, 0, 0, 0.866025, 0, 0.5, 0, 224.474, 0, 129.6, 1)","o":0.475,"x":901,"y":250,"w":114,"h":374},{"s":"DIV.pack-carousel-inner#black-pack-icon.webp","tr":"matrix(1, 0, 0, 1, 0, -0.00228213)","o":1,"x":901,"y":250,"w":114,"h":374,"an":"pack-carousel-float|4.4s|ease-in-out"},{"s":"DIV.pack-carousel-slot#black-pack-icon.webp","tr":"matrix3d(-0.5, 0, -0.866025, 0, 0, 1, 0, 0, 0.866025, 0, -0.5, 0, 224.474, 0, -129.6, 1)","o":0,"x":661,"y":281,"w":216,"h":312},{"s":"DIV.pack-carousel-inner#black-pack-icon.webp","tr":"matrix(1, 0, 0, 1, 0, -0.00228213)","o":1,"x":661,"y":281,"w":216,"h":312,"an":"pack-carousel-float|4.4s|ease-in-out"},{"s":"DIV.pack-carousel-slot#black-pack-icon.webp","tr":"matrix3d(-1, 0, 0, 0, 0, 1, 0, 0, 0, 0, -1, 0, 0, 0, -259.2, 1)","o":0.154,"x":456,"y":265,"w":177,"h":343},{"s":"DIV.pack-carousel-inner#black-pack-icon.webp","tr":"matrix(1, 0, 0, 1, 0, -0.00228213)","o":1,"x":456,"y":265,"w":177,"h":343,"an":"pack-carousel-float|4.4s|ease-in-out"},{"s":"DIV.pack-carousel-slot#black-pack-icon.webp","tr":"matrix3d(-0.5, 0, 0.866025, 0, 0, 1, 0, 0, -0.866025, 0, -0.5, 0, -224.474, 0, -129.6, 1)","o":1,"x":443,"y":225,"w":35,"h":423},{"s":"DIV.pack-carousel-inner#black-pack-icon.webp","tr":"matrix(1, 0, 0, 1, 0, -0.00228213)","o":1,"x":443,"y":225,"w":35,"h":423,"an":"pack-carousel-float|4.4s|ease-in-out"},{"s":"DIV.pack-carousel-slot#black-pack-icon.webp","tr":"matrix3d(0.5, 0, 0.866025, 0, 0, 1, 0, 0, -0.866025, 0, 0.5, 0, -224.474, 0, 129.6, 1)","o":1,"x":503,"y":210,"w":306,"h":453},{"s":"DIV.pack-carousel-inner#black-pack-icon.webp","tr":"matrix(1, 0, 0, 1, 0, -0.00228213)","o":1,"x":503,"y":210,"w":306,"h":453,"an":"pack-carousel-float|4.4s|ease-in-out"},{"s":"DIV.relative.flex.w-full","tr":"matrix(1, 0, 0, 1, 0, 0)","o":1,"x":0,"y":874,"w":1440,"h":127},{"s":"BUTTON.relative.flex.items-center","tr":"none","o":0.7,"x":623,"y":882,"w":195,"h":55}],"txt":"SHUFFLING… TAP TO SELECT A PACK TO OPEN"},{"t":18.1,"n":[{"s":"DIV.pointer-events-none.absolute.inset-0","tr":"matrix(1, 0, 0, 1, 0, 0)","o":1,"x":0,"y":0,"w":1440,"h":1000},{"s":"DIV.pack-carousel-reflection#black-pack-icon.webp","tr":"matrix3d(1, 0, 0, 0, 0, -1, 0, 0, 0, 0, 1, 0, 0, 394.057, 259.2, 1)","o":0.338,"x":813,"y":668,"w":198,"h":488},{"s":"DIV.pack-carousel-reflection#black-pack-icon.webp","tr":"matrix3d(0.5, 0, -0.866025, 0, 0, -1, 0, 0, 0.866025, 0, 0.5, 0, 224.474, 394.057, 129.6, 1)","o":0,"x":923,"y":626,"w":93,"h":419},{"s":"DIV.pack-carousel-reflection#black-pack-icon.webp","tr":"matrix3d(-0.5, 0, -0.866025, 0, 0, -1, 0, 0, 0.866025, 0, -0.5, 0, 224.474, 394.057, -129.6, 1)","o":0,"x":687,"y":614,"w":213,"h":325},{"s":"DIV.pack-carousel-reflection#black-pack-icon.webp","tr":"matrix3d(-1, 0, 0, 0, 0, -1, 0, 0, 0, 0, -1, 0, 0, 394.057, -259.2, 1)","o":0,"x":471,"y":614,"w":187,"h":356},{"s":"DIV.pack-carousel-reflection#black-pack-icon.webp","tr":"matrix3d(0.5, 0, 0.866025, 0, 0, -1, 0, 0, -0.866025, 0, 0.5, 0, -224.474, 394.057, 129.6, 1)","o":0.426,"x":479,"y":686,"w":291,"h":474},{"s":"DIV.pack-carousel-slot#black-pack-icon.webp","tr":"matrix3d(1, 0, 0, 0, 0, 1, 0, 0, 0, 0, 1, 0, 0, 0, 259.2, 1)","o":1,"x":813,"y":210,"w":198,"h":453},{"s":"DIV.pack-carousel-inner#black-pack-icon.webp","tr":"matrix(1, 0, 0, 1, 0, 0.101779)","o":1,"x":813,"y":211,"w":198,"h":453,"an":"pack-carousel-float|4.4s|ease-in-out"},{"s":"DIV.pack-carousel-slot#black-pack-icon.webp","tr":"matrix3d(0.5, 0, -0.866025, 0, 0, 1, 0, 0, 0.866025, 0, 0.5, 0, 224.474, 0, 129.6, 1)","o":0.567,"x":923,"y":245,"w":93,"h":383},{"s":"DIV.pack-carousel-inner#black-pack-icon.webp","tr":"matrix(1, 0, 0, 1, 0, 0.101779)","o":1,"x":923,"y":245,"w":93,"h":383,"an":"pack-carousel-float|4.4s|ease-in-out"},{"s":"DIV.pack-carousel-slot#black-pack-icon.webp","tr":"matrix3d(-0.5, 0, -0.866025, 0, 0, 1, 0, 0, 0.866025, 0, -0.5, 0, 224.474, 0, -129.6, 1)","o":0,"x":687,"y":279,"w":213,"h":316},{"s":"DIV.pack-carousel-inner#black-pack-icon.webp","tr":"matrix(1, 0, 0, 1, 0, 0.101779)","o":1,"x":687,"y":279,"w":213,"h":316,"an":"pack-carousel-float|4.4s|ease-in-out"},{"s":"DIV.pack-carousel-slot#black-pack-icon.webp","tr":"matrix3d(-1, 0, 0, 0, 0, 1, 0, 0, 0, 0, -1, 0, 0, 0, -259.2, 1)","o":0.087,"x":471,"y":269,"w":187,"h":336},{"s":"DIV.pack-carousel-inner#black-pack-icon.webp","tr":"matrix(1, 0, 0, 1, 0, 0.101779)","o":1,"x":471,"y":269,"w":187,"h":336,"an":"pack-carousel-float|4.4s|ease-in-out"},{"s":"DIV.pack-carousel-slot#black-pack-icon.webp","tr":"matrix3d(0.5, 0, 0.866025, 0, 0, 1, 0, 0, -0.866025, 0, 0.5, 0, -224.474, 0, 129.6, 1)","o":1,"x":479,"y":209,"w":291,"h":455},{"s":"DIV.pack-carousel-inner#black-pack-icon.webp","tr":"matrix(1, 0, 0, 1, 0, 0.101779)","o":1,"x":479,"y":209,"w":291,"h":455,"an":"pack-carousel-float|4.4s|ease-in-out"},{"s":"DIV.relative.flex.w-full","tr":"matrix(1, 0, 0, 1, 0, 0)","o":1,"x":0,"y":874,"w":1440,"h":127},{"s":"BUTTON.relative.flex.items-center","tr":"none","o":0.7,"x":623,"y":882,"w":195,"h":55}],"txt":"SHUFFLING… TAP TO SELECT A PACK TO OPEN"},{"t":36,"n":[{"s":"DIV.pointer-events-none.absolute.inset-0","tr":"matrix(1, 0, 0, 1, 0, 0)","o":1,"x":0,"y":0,"w":1440,"h":1000},{"s":"DIV.pack-carousel-reflection#black-pack-icon.webp","tr":"matrix3d(1, 0, 0, 0, 0, -1, 0, 0, 0, 0, 1, 0, 0, 394.057, 259.2, 1)","o":0.368,"x":774,"y":673,"w":229,"h":487},{"s":"DIV.pack-carousel-reflection#black-pack-icon.webp","tr":"matrix3d(0.5, 0, -0.866025, 0, 0, -1, 0, 0, 0.866025, 0, 0.5, 0, 224.474, 394.057, 129.6, 1)","o":0,"x":942,"y":629,"w":69,"h":430},{"s":"DIV.pack-carousel-reflection#black-pack-icon.webp","tr":"matrix3d(-0.5, 0, -0.866025, 0, 0, -1, 0, 0, 0.866025, 0, -0.5, 0, 224.474, 394.057, -129.6, 1)","o":0,"x":713,"y":613,"w":208,"h":333},{"s":"DIV.pack-carousel-reflection#black-pack-icon.webp","tr":"matrix3d(-1, 0, 0, 0, 0, -1, 0, 0, 0, 0, -1, 0, 0, 394.057, -259.2, 1)","o":0,"x":488,"y":614,"w":196,"h":347},{"s":"DIV.pack-carousel-reflection#black-pack-icon.webp","tr":"matrix3d(-0.5, 0, 0.866025, 0, 0, -1, 0, 0, -0.866025, 0, -0.5, 0, -224.474, 394.057, -129.6, 1)","o":0.04,"x":443,"y":635,"w":26,"h":447},{"s":"DIV.pack-carousel-reflection#black-pack-icon.webp","tr":"matrix3d(0.5, 0, 0.866025, 0, 0, -1, 0, 0, -0.866025, 0, 0.5, 0, -224.474, 394.057, 129.6, 1)","o":0.408,"x":460,"y":681,"w":271,"h":481},{"s":"DIV.pack-carousel-slot#black-pack-icon.webp","tr":"matrix3d(1, 0, 0, 0, 0, 1, 0, 0, 0, 0, 1, 0, 0, 0, 259.2, 1)","o":1,"x":774,"y":209,"w":229,"h":455},{"s":"DIV.pack-carousel-inner#black-pack-icon.webp","tr":"matrix(1, 0, 0, 1, 0, 0.206377)","o":1,"x":774,"y":209,"w":229,"h":455,"an":"pack-carousel-float|4.4s|ease-in-out"},{"s":"DIV.pack-carousel-slot#black-pack-icon.webp","tr":"matrix3d(0.5, 0, -0.866025, 0, 0, 1, 0, 0, 0.866025, 0, 0.5, 0, 224.474, 0, 129.6, 1)","o":0.661,"x":942,"y":241,"w":69,"h":392},{"s":"DIV.pack-carousel-inner#black-pack-icon.webp","tr":"matrix(1, 0, 0, 1, 0, 0.206377)","o":1,"x":942,"y":241,"w":69,"h":392,"an":"pack-carousel-float|4.4s|ease-in-out"},{"s":"DIV.pack-carousel-slot#black-pack-icon.webp","tr":"matrix3d(-0.5, 0, -0.866025, 0, 0, 1, 0, 0, 0.866025, 0, -0.5, 0, 224.474, 0, -129.6, 1)","o":0,"x":713,"y":276,"w":208,"h":321},{"s":"DIV.pack-carousel-inner#black-pack-icon.webp","tr":"matrix(1, 0, 0, 1, 0, 0.206377)","o":1,"x":713,"y":277,"w":208,"h":321,"an":"pack-carousel-float|4.4s|ease-in-out"},{"s":"DIV.pack-carousel-slot#black-pack-icon.webp","tr":"matrix3d(-1, 0, 0, 0, 0, 1, 0, 0, 0, 0, -1, 0, 0, 0, -259.2, 1)","o":0.028,"x":488,"y":272,"w":196,"h":330},{"s":"DIV.pack-carousel-inner#black-pack-icon.webp","tr":"matrix(1, 0, 0, 1, 0, 0.206377)","o":1,"x":488,"y":272,"w":196,"h":330,"an":"pack-carousel-float|4.4s|ease-in-out"},{"s":"DIV.pack-carousel-slot#black-pack-icon.webp","tr":"matrix3d(-0.5, 0, 0.866025, 0, 0, 1, 0, 0, -0.866025, 0, -0.5, 0, -224.474, 0, -129.6, 1)","o":0.817,"x":443,"y":234,"w":26,"h":406},{"s":"DIV.pack-carousel-inner#black-pack-icon.webp","tr":"matrix(1, 0, 0, 1, 0, 0.206377)","o":1,"x":443,"y":234,"w":26,"h":406,"an":"pack-carousel-float|4.4s|ease-in-out"},{"s":"DIV.pack-carousel-slot#black-pack-icon.webp","tr":"matrix3d(0.5, 0, 0.866025, 0, 0, 1, 0, 0, -0.866025, 0, 0.5, 0, -224.474, 0, 129.6, 1)","o":1,"x":460,"y":208,"w":271,"h":456},{"s":"DIV.pack-carousel-inner#black-pack-icon.webp","tr":"matrix(1, 0, 0, 1, 0, 0.206377)","o":1,"x":460,"y":209,"w":271,"h":456,"an":"pack-carousel-float|4.4s|ease-in-out"},{"s":"DIV.relative.flex.w-full","tr":"matrix(1, 0, 0, 1, 0, 0)","o":1,"x":0,"y":874,"w":1440,"h":127},{"s":"BUTTON.relative.flex.items-center","tr":"none","o":0.7,"x":623,"y":882,"w":195,"h":55}],"txt":"SHUFFLING… TAP TO SELECT A PACK TO OPEN"},{"t":51.2,"n":[{"s":"DIV.pointer-events-none.absolute.inset-0","tr":"matrix(1, 0, 0, 1, 0, 0)","o":1,"x":0,"y":0,"w":1440,"h":1000},{"s":"DIV.pack-carousel-reflection#black-pack-icon.webp","tr":"matrix3d(1, 0, 0, 0, 0, -1, 0, 0, 0, 0, 1, 0, 0, 394.057, 259.2, 1)","o":0.394,"x":735,"y":678,"w":255,"h":484},{"s":"DIV.pack-carousel-reflection#black-pack-icon.webp","tr":"matrix3d(0.5, 0, -0.866025, 0, 0, -1, 0, 0, 0.866025, 0, 0.5, 0, 224.474, 394.057, 129.6, 1)","o":0.008,"x":960,"y":632,"w":44,"h":441},{"s":"DIV.pack-carousel-reflection#black-pack-icon.webp","tr":"matrix3d(-0.5, 0, -0.866025, 0, 0, -1, 0, 0, 0.866025, 0, -0.5, 0, 224.474, 394.057, -129.6, 1)","o":0,"x":739,"y":613,"w":202,"h":341},{"s":"DIV.pack-carousel-reflection#black-pack-icon.webp","tr":"matrix3d(-1, 0, 0, 0, 0, -1, 0, 0, 0, 0, -1, 0, 0, 394.057, -259.2, 1)","o":0,"x":506,"y":613,"w":204,"h":338},{"s":"DIV.pack-carousel-reflection#black-pack-icon.webp","tr":"matrix3d(-0.5, 0, 0.866025, 0, 0, -1, 0, 0, -0.866025, 0, -0.5, 0, -224.474, 394.057, -129.6, 1)","o":0,"x":433,"y":631,"w":53,"h":437},{"s":"DIV.pack-carousel-reflection#black-pack-icon.webp","tr":"matrix3d(0.5, 0, 0.866025, 0, 0, -1, 0, 0, -0.866025, 0, 0.5, 0, -224.474, 394.057, 129.6, 1)","o":0.386,"x":445,"y":676,"w":247,"h":485},{"s":"DIV.pack-carousel-slot#black-pack-icon.webp","tr":"matrix3d(1, 0, 0, 0, 0, 1, 0, 0, 0, 0, 1, 0, 0, 0, 259.2, 1)","o":1,"x":735,"y":209,"w":255,"h":456},{"s":"DIV.pack-carousel-inner#black-pack-icon.webp","tr":"matrix(1, 0, 0, 1, 0, 0.310794)","o":1,"x":735,"y":209,"w":255,"h":456,"an":"pack-carousel-float|4.4s|ease-in-out"},{"s":"DIV.pack-carousel-slot#black-pack-icon.webp","tr":"matrix3d(0.5, 0, -0.866025, 0, 0, 1, 0, 0, 0.866025, 0, 0.5, 0, 224.474, 0, 129.6, 1)","o":0.755,"x":960,"y":237,"w":44,"h":400},{"s":"DIV.pack-carousel-inner#black-pack-icon.webp","tr":"matrix(1, 0, 0, 1, 0, 0.310794)","o":1,"x":960,"y":237,"w":44,"h":400,"an":"pack-carousel-float|4.4s|ease-in-out"},{"s":"DIV.pack-carousel-slot#black-pack-icon.webp","tr":"matrix3d(-0.5, 0, -0.866025, 0, 0, 1, 0, 0, 0.866025, 0, -0.5, 0, 224.474, 0, -129.6, 1)","o":0,"x":739,"y":274,"w":202,"h":326},{"s":"DIV.pack-carousel-inner#black-pack-icon.webp","tr":"matrix(1, 0, 0, 1, 0, 0.310794)","o":1,"x":739,"y":274,"w":202,"h":326,"an":"pack-carousel-float|4.4s|ease-in-out"},{"s":"DIV.pack-carousel-slot#black-pack-icon.webp","tr":"matrix3d(-1, 0, 0, 0, 0, 1, 0, 0, 0, 0, -1, 0, 0, 0, -259.2, 1)","o":0,"x":506,"y":275,"w":204,"h":324},{"s":"DIV.pack-carousel-inner#black-pack-icon.webp","tr":"matrix(1, 0, 0, 1, 0, 0.310794)","o":1,"x":506,"y":275,"w":204,"h":324,"an":"pack-carousel-float|4.4s|ease-in-out"},{"s":"DIV.pack-carousel-slot#black-pack-icon.webp","tr":"matrix3d(-0.5, 0, 0.866025, 0, 0, 1, 0, 0, -0.866025, 0, -0.5, 0, -224.474, 0, -129.6, 1)","o":0.723,"x":433,"y":238,"w":53,"h":398},{"s":"DIV.pack-carousel-inner#black-pack-icon.webp","tr":"matrix(1, 0, 0, 1, 0, 0.310794)","o":1,"x":433,"y":238,"w":53,"h":398,"an":"pack-carousel-float|4.4s|ease-in-out"},{"s":"DIV.pack-carousel-slot#black-pack-icon.webp","tr":"matrix3d(0.5, 0, 0.866025, 0, 0, 1, 0, 0, -0.866025, 0, 0.5, 0, -224.474, 0, 129.6, 1)","o":1,"x":445,"y":209,"w":247,"h":456},{"s":"DIV.pack-carousel-inner#black-pack-icon.webp","tr":"matrix(1, 0, 0, 1, 0, 0.310794)","o":1,"x":445,"y":209,"w":247,"h":456,"an":"pack-carousel-float|4.4s|ease-in-out"},{"s":"DIV.relative.flex.w-full","tr":"matrix(1, 0, 0, 1, 0, 0)","o":1,"x":0,"y":874,"w":1440,"h":127},{"s":"BUTTON.relative.flex.items-center","tr":"none","o":0.7,"x":623,"y":882,"w":195,"h":55}],"txt":"SHUFFLING… TAP TO SELECT A PACK TO OPEN"},{"t":68.8,"n":[{"s":"DIV.pointer-events-none.absolute.inset-0","tr":"matrix(1, 0, 0, 1, 0, 0)","o":1,"x":0,"y":0,"w":1440,"h":1000},{"s":"DIV.pack-carousel-reflection#black-pack-icon.webp","tr":"matrix3d(1, 0, 0, 0, 0, -1, 0, 0, 0, 0, 1, 0, 0, 394.057, 259.2, 1)","o":0.415,"x":697,"y":683,"w":278,"h":479},{"s":"DIV.pack-carousel-reflection#black-pack-icon.webp","tr":"matrix3d(0.5, 0, -0.866025, 0, 0, -1, 0, 0, 0.866025, 0, 0.5, 0, 224.474, 394.057, 129.6, 1)","o":0.056,"x":976,"y":636,"w":17,"h":450},{"s":"DIV.pack-carousel-reflection#black-pack-icon.webp","tr":"matrix3d(-0.5, 0, -0.866025, 0, 0, -1, 0, 0, 0.866025, 0, -0.5, 0, 224.474, 394.057, -129.6, 1)","o":0,"x":764,"y":614,"w":194,"h":350},{"s":"DIV.pack-carousel-reflection#black-pack-icon.webp","tr":"matrix3d(-1, 0, 0, 0, 0, -1, 0, 0, 0, 0, -1, 0, 0, 394.057, -259.2, 1)","o":0,"x":526,"y":613,"w":209,"h":330},{"s":"DIV.pack-carousel-reflection#black-pack-icon.webp","tr":"matrix3d(-0.5, 0, 0.866025, 0, 0, -1, 0, 0, -0.866025, 0, -0.5, 0, -224.474, 394.057, -129.6, 1)","o":0,"x":427,"y":628,"w":77,"h":427},{"s":"DIV.pack-carousel-reflection#black-pack-icon.webp","tr":"matrix3d(0.5, 0, 0.866025, 0, 0, -1, 0, 0, -0.866025, 0, 0.5, 0, -224.474, 394.057, 129.6, 1)","o":0.359,"x":434,"y":671,"w":219,"h":487},{"s":"DIV.pack-carousel-slot#black-pack-icon.webp","tr":"matrix3d(1, 0, 0, 0, 0, 1, 0, 0, 0, 0, 1, 0, 0, 0, 259.2, 1)","o":1,"x":697,"y":209,"w":278,"h":456},{"s":"DIV.pack-carousel-inner#black-pack-icon.webp","tr":"matrix(1, 0, 0, 1, 0, 0.414314)","o":1,"x":697,"y":209,"w":278,"h":456,"an":"pack-carousel-float|4.4s|ease-in-out"},{"s":"DIV.pack-carousel-slot#black-pack-icon.webp","tr":"matrix3d(0.5, 0, -0.866025, 0, 0, 1, 0, 0, 0.866025, 0, 0.5, 0, 224.474, 0, 129.6, 1)","o":0.847,"x":976,"y":232,"w":17,"h":409},{"s":"DIV.pack-carousel-inner#black-pack-icon.webp","tr":"matrix(1, 0, 0, 1, 0, 0.414314)","o":1,"x":976,"y":233,"w":17,"h":409,"an":"pack-carousel-float|4.4s|ease-in-out"},{"s":"DIV.pack-carousel-slot#black-pack-icon.webp","tr":"matrix3d(-0.5, 0, -0.866025, 0, 0, 1, 0, 0, 0.866025, 0, -0.5, 0, 224.474, 0, -129.6, 1)","o":0.046,"x":764,"y":271,"w":194,"h":332},{"s":"DIV.pack-carousel-inner#black-pack-icon.webp","tr":"matrix(1, 0, 0, 1, 0, 0.414314)","o":1,"x":764,"y":271,"w":194,"h":332,"an":"pack-carousel-float|4.4s|ease-in-out"},{"s":"DIV.pack-carousel-slot#black-pack-icon.webp","tr":"matrix3d(-1, 0, 0, 0, 0, 1, 0, 0, 0, 0, -1, 0, 0, 0, -259.2, 1)","o":0,"x":526,"y":277,"w":209,"h":319},{"s":"DIV.pack-carousel-inner#black-pack-icon.webp","tr":"matrix(1, 0, 0, 1, 0, 0.414314)","o":1,"x":526,"y":278,"w":209,"h":319,"an":"pack-carousel-float|4.4s|ease-in-out"},{"s":"DIV.pack-carousel-slot#black-pack-icon.webp","tr":"matrix3d(-0.5, 0, 0.866025, 0, 0, 1, 0, 0, -0.866025, 0, -0.5, 0, -224.474, 0, -129.6, 1)","o":0.631,"x":427,"y":242,"w":77,"h":389},{"s":"DIV.pack-carousel-inner#black-pack-icon.webp","tr":"matrix(1, 0, 0, 1, 0, 0.414314)","o":1,"x":427,"y":243,"w":77,"h":389,"an":"pack-carousel-float|4.4s|ease-in-out"},{"s":"DIV.pack-carousel-slot#black-pack-icon.webp","tr":"matrix3d(0.5, 0, 0.866025, 0, 0, 1, 0, 0, -0.866025, 0, 0.5, 0, -224.474, 0, 129.6, 1)","o":1,"x":434,"y":209,"w":219,"h":455},{"s":"DIV.pack-carousel-inner#black-pack-icon.webp","tr":"matrix(1, 0, 0, 1, 0, 0.414314)","o":1,"x":434,"y":210,"w":219,"h":455,"an":"pack-carousel-float|4.4s|ease-in-out"},{"s":"DIV.relative.flex.w-full","tr":"matrix(1, 0, 0, 1, 0, 0)","o":1,"x":0,"y":874,"w":1440,"h":127},{"s":"BUTTON.relative.flex.items-center","tr":"none","o":0.7,"x":623,"y":882,"w":195,"h":55}],"txt":"SHUFFLING… TAP TO SELECT A PACK TO OPEN"},{"t":86.7,"n":[{"s":"DIV.pointer-events-none.absolute.inset-0","tr":"matrix(1, 0, 0, 1, 0, 0)","o":1,"x":0,"y":0,"w":1440,"h":1000},{"s":"DIV.pack-carousel-reflection#black-pack-icon.webp","tr":"matrix3d(1, 0, 0, 0, 0, -1, 0, 0, 0, 0, 1, 0, 0, 394.057, 259.2, 1)","o":0.431,"x":659,"y":687,"w":296,"h":472},{"s":"DIV.pack-carousel-reflection#black-pack-icon.webp","tr":"matrix3d(0.5, 0, -0.866025, 0, 0, -1, 0, 0, 0.866025, 0, 0.5, 0, 224.474, 394.057, 129.6, 1)","o":0.102,"x":977,"y":640,"w":12,"h":459},{"s":"DIV.pack-carousel-reflection#black-pack-icon.webp","tr":"matrix3d(-0.5, 0, -0.866025, 0, 0, -1, 0, 0, 0.866025, 0, -0.5, 0, 224.474, 394.057, -129.6, 1)","o":0,"x":789,"y":615,"w":185,"h":359},{"s":"DIV.pack-carousel-reflection#black-pack-icon.webp","tr":"matrix3d(-1, 0, 0, 0, 0, -1, 0, 0, 0, 0, -1, 0, 0, 394.057, -259.2, 1)","o":0,"x":547,"y":614,"w":214,"h":323},{"s":"DIV.pack-carousel-reflection#black-pack-icon.webp","tr":"matrix3d(-0.5, 0, 0.866025, 0, 0, -1, 0, 0, -0.866025, 0, -0.5, 0, -224.474, 394.057, -129.6, 1)","o":0,"x":424,"y":625,"w":99,"h":416},{"s":"DIV.pack-carousel-reflection#black-pack-icon.webp","tr":"matrix3d(0.5, 0, 0.866025, 0, 0, -1, 0, 0, -0.866025, 0, 0.5, 0, -224.474, 394.057, 129.6, 1)","o":0.328,"x":427,"y":666,"w":190,"h":488},{"s":"DIV.pack-carousel-slot#black-pack-icon.webp","tr":"matrix3d(1, 0, 0, 0, 0, 1, 0, 0, 0, 0, 1, 0, 0, 0, 259.2, 1)","o":1,"x":659,"y":209,"w":296,"h":455},{"s":"DIV.pack-carousel-inner#black-pack-icon.webp","tr":"matrix(1, 0, 0, 1, 0, 0.518096)","o":1,"x":659,"y":210,"w":296,"h":455,"an":"pack-carousel-float|4.4s|ease-in-out"},{"s":"DIV.pack-carousel-slot#black-pack-icon.webp","tr":"matrix3d(0.5, 0, -0.866025, 0, 0, 1, 0, 0, 0.866025, 0, 0.5, 0, 224.474, 0, 129.6, 1)","o":0.937,"x":977,"y":228,"w":12,"h":417},{"s":"DIV.pack-carousel-inner#black-pack-icon.webp","tr":"matrix(1, 0, 0, 1, 0, 0.518096)","o":1,"x":977,"y":229,"w":12,"h":417,"an":"pack-carousel-float|4.4s|ease-in-out"},{"s":"DIV.pack-carousel-slot#black-pack-icon.webp","tr":"matrix3d(-0.5, 0, -0.866025, 0, 0, 1, 0, 0, 0.866025, 0, -0.5, 0, 224.474, 0, -129.6, 1)","o":0.105,"x":789,"y":268,"w":185,"h":338},{"s":"DIV.pack-carousel-inner#black-pack-icon.webp","tr":"matrix(1, 0, 0, 1, 0, 0.518096)","o":1,"x":789,"y":268,"w":185,"h":338,"an":"pack-carousel-float|4.4s|ease-in-out"},{"s":"DIV.pack-carousel-slot#black-pack-icon.webp","tr":"matrix3d(-1, 0, 0, 0, 0, 1, 0, 0, 0, 0, -1, 0, 0, 0, -259.2, 1)","o":0,"x":547,"y":279,"w":214,"h":315},{"s":"DIV.pack-carousel-inner#black-pack-icon.webp","tr":"matrix(1, 0, 0, 1, 0, 0.518096)","o":1,"x":547,"y":280,"w":214,"h":315,"an":"pack-carousel-float|4.4s|ease-in-out"},{"s":"DIV.pack-carousel-slot#black-pack-icon.webp","tr":"matrix3d(-0.5, 0, 0.866025, 0, 0, 1, 0, 0, -0.866025, 0, -0.5, 0, -224.474, 0, -129.6, 1)","o":0.541,"x":424,"y":247,"w":99,"h":380},{"s":"DIV.pack-carousel-inner#black-pack-icon.webp","tr":"matrix(1, 0, 0, 1, 0, 0.518096)","o":1,"x":424,"y":247,"w":99,"h":380,"an":"pack-carousel-float|4.4s|ease-in-out"},{"s":"DIV.pack-carousel-slot#black-pack-icon.webp","tr":"matrix3d(0.5, 0, 0.866025, 0, 0, 1, 0, 0, -0.866025, 0, 0.5, 0, -224.474, 0, 129.6, 1)","o":1,"x":427,"y":211,"w":190,"h":452},{"s":"DIV.pack-carousel-inner#black-pack-icon.webp","tr":"matrix(1, 0, 0, 1, 0, 0.518096)","o":1,"x":427,"y":212,"w":190,"h":452,"an":"pack-carousel-float|4.4s|ease-in-out"},{"s":"DIV.relative.flex.w-full","tr":"matrix(1, 0, 0, 1, 0, 0)","o":1,"x":0,"y":874,"w":1440,"h":127},{"s":"BUTTON.relative.flex.items-center","tr":"none","o":0.7,"x":623,"y":882,"w":195,"h":55}],"txt":"SHUFFLING… TAP TO SELECT A PACK TO OPEN"},{"t":104,"n":[{"s":"DIV.pointer-events-none.absolute.inset-0","tr":"matrix(1, 0, 0, 1, 0, 0)","o":1,"x":0,"y":0,"w":1440,"h":1000},{"s":"DIV.pack-carousel-reflection#black-pack-icon.webp","tr":"matrix3d(1, 0, 0, 0, 0, -1, 0, 0, 0, 0, 1, 0, 0, 394.057, 259.2, 1)","o":0.442,"x":622,"y":692,"w":309,"h":463},{"s":"DIV.pack-carousel-reflection#black-pack-icon.webp","tr":"matrix3d(0.5, 0, -0.866025, 0, 0, -1, 0, 0, 0.866025, 0, 0.5, 0, 224.474, 394.057, 129.6, 1)","o":0.147,"x":958,"y":644,"w":42,"h":468},{"s":"DIV.pack-carousel-reflection#black-pack-icon.webp","tr":"matrix3d(-0.5, 0, -0.866025, 0, 0, -1, 0, 0, 0.866025, 0, -0.5, 0, 224.474, 394.057, -129.6, 1)","o":0,"x":813,"y":616,"w":174,"h":368},{"s":"DIV.pack-carousel-reflection#black-pack-icon.webp","tr":"matrix3d(-1, 0, 0, 0, 0, -1, 0, 0, 0, 0, -1, 0, 0, 394.057, -259.2, 1)","o":0,"x":569,"y":614,"w":217,"h":316},{"s":"DIV.pack-carousel-reflection#black-pack-icon.webp","tr":"matrix3d(-0.5, 0, 0.866025, 0, 0, -1, 0, 0, -0.866025, 0, -0.5, 0, -224.474, 394.057, -129.6, 1)","o":0,"x":425,"y":622,"w":119,"h":405},{"s":"DIV.pack-carousel-reflection#black-pack-icon.webp","tr":"matrix3d(0.5, 0, 0.866025, 0, 0, -1, 0, 0, -0.866025, 0, 0.5, 0, -224.474, 394.057, 129.6, 1)","o":0.295,"x":424,"y":661,"w":159,"h":486},{"s":"DIV.pack-carousel-slot#black-pack-icon.webp","tr":"matrix3d(1, 0, 0, 0, 0, 1, 0, 0, 0, 0, 1, 0, 0, 0, 259.2, 1)","o":1,"x":622,"y":211,"w":309,"h":452},{"s":"DIV.pack-carousel-inner#black-pack-icon.webp","tr":"matrix(1, 0, 0, 1, 0, 0.621424)","o":1,"x":622,"y":211,"w":309,"h":452,"an":"pack-carousel-float|4.4s|ease-in-out"},{"s":"DIV.pack-carousel-slot#black-pack-icon.webp","tr":"matrix3d(0.5, 0, -0.866025, 0, 0, 1, 0, 0, 0.866025, 0, 0.5, 0, 224.474, 0, 129.6, 1)","o":1,"x":958,"y":224,"w":42,"h":425},{"s":"DIV.pack-carousel-inner#black-pack-icon.webp","tr":"matrix(1, 0, 0, 1, 0, 0.621424)","o":1,"x":958,"y":225,"w":42,"h":425,"an":"pack-carousel-float|4.4s|ease-in-out"},{"s":"DIV.pack-carousel-slot#black-pack-icon.webp","tr":"matrix3d(-0.5, 0, -0.866025, 0, 0, 1, 0, 0, 0.866025, 0, -0.5, 0, 224.474, 0, -129.6, 1)","o":0.17,"x":813,"y":265,"w":174,"h":344},{"s":"DIV.pack-carousel-inner#black-pack-icon.webp","tr":"matrix(1, 0, 0, 1, 0, 0.621424)","o":1,"x":813,"y":265,"w":174,"h":344,"an":"pack-carousel-float|4.4s|ease-in-out"},{"s":"DIV.pack-carousel-slot#black-pack-icon.webp","tr":"matrix3d(-1, 0, 0, 0, 0, 1, 0, 0, 0, 0, -1, 0, 0, 0, -259.2, 1)","o":0,"x":569,"y":281,"w":217,"h":311},{"s":"DIV.pack-carousel-inner#black-pack-icon.webp","tr":"matrix(1, 0, 0, 1, 0, 0.621424)","o":1,"x":569,"y":282,"w":217,"h":311,"an":"pack-carousel-float|4.4s|ease-in-out"},{"s":"DIV.pack-carousel-slot#black-pack-icon.webp","tr":"matrix3d(-0.5, 0, 0.866025, 0, 0, 1, 0, 0, -0.866025, 0, -0.5, 0, -224.474, 0, -129.6, 1)","o":0.455,"x":425,"y":251,"w":119,"h":372},{"s":"DIV.pack-carousel-inner#black-pack-icon.webp","tr":"matrix(1, 0, 0, 1, 0, 0.621424)","o":1,"x":425,"y":251,"w":119,"h":372,"an":"pack-carousel-float|4.4s|ease-in-out"},{"s":"DIV.pack-carousel-slot#black-pack-icon.webp","tr":"matrix3d(0.5, 0, 0.866025, 0, 0, 1, 0, 0, -0.866025, 0, 0.5, 0, -224.474, 0, 129.6, 1)","o":1,"x":424,"y":213,"w":159,"h":448},{"s":"DIV.pack-carousel-inner#black-pack-icon.webp","tr":"matrix(1, 0, 0, 1, 0, 0.621424)","o":1,"x":424,"y":214,"w":159,"h":448,"an":"pack-carousel-float|4.4s|ease-in-out"},{"s":"DIV.relative.flex.w-full","tr":"matrix(1, 0, 0, 1, 0, 0)","o":1,"x":0,"y":874,"w":1440,"h":127},{"s":"BUTTON.relative.flex.items-center","tr":"none","o":0.7,"x":623,"y":882,"w":195,"h":55}],"txt":"SHUFFLING… TAP TO SELECT A PACK TO OPEN"},{"t":117.9,"n":[{"s":"DIV.pointer-events-none.absolute.inset-0","tr":"matrix(1, 0, 0, 1, 0, 0)","o":1,"x":0,"y":0,"w":1440,"h":1000},{"s":"DIV.pack-carousel-reflection#black-pack-icon.webp","tr":"matrix3d(1, 0, 0, 0, 0, -1, 0, 0, 0, 0, 1, 0, 0, 394.057, 259.2, 1)","o":0.448,"x":588,"y":695,"w":316,"h":454},{"s":"DIV.pack-carousel-reflection#black-pack-icon.webp","tr":"matrix3d(0.5, 0, -0.866025, 0, 0, -1, 0, 0, 0.866025, 0, 0.5, 0, 224.474, 394.057, 129.6, 1)","o":0.19,"x":935,"y":649,"w":73,"h":474},{"s":"DIV.pack-carousel-reflection#black-pack-icon.webp","tr":"matrix3d(-0.5, 0, -0.866025, 0, 0, -1, 0, 0, 0.866025, 0, -0.5, 0, 224.474, 394.057, -129.6, 1)","o":0,"x":837,"y":617,"w":162,"h":378},{"s":"DIV.pack-carousel-reflection#black-pack-icon.webp","tr":"matrix3d(-1, 0, 0, 0, 0, -1, 0, 0, 0, 0, -1, 0, 0, 394.057, -259.2, 1)","o":0,"x":591,"y":615,"w":218,"h":310},{"s":"DIV.pack-carousel-reflection#black-pack-icon.webp","tr":"matrix3d(-0.5, 0, 0.866025, 0, 0, -1, 0, 0, -0.866025, 0, -0.5, 0, -224.474, 394.057, -129.6, 1)","o":0,"x":429,"y":620,"w":136,"h":395},{"s":"DIV.pack-carousel-reflection#black-pack-icon.webp","tr":"matrix3d(0.5, 0, 0.866025, 0, 0, -1, 0, 0, -0.866025, 0, 0.5, 0, -224.474, 394.057, 129.6, 1)","o":0.258,"x":424,"y":656,"w":127,"h":483},{"s":"DIV.pack-carousel-slot#black-pack-icon.webp","tr":"matrix3d(1, 0, 0, 0, 0, 1, 0, 0, 0, 0, 1, 0, 0, 0, 259.2, 1)","o":1,"x":588,"y":213,"w":316,"h":448},{"s":"DIV.pack-carousel-inner#black-pack-icon.webp","tr":"matrix(1, 0, 0, 1, 0, 0.723596)","o":1,"x":588,"y":213,"w":316,"h":448,"an":"pack-carousel-float|4.4s|ease-in-out"},{"s":"DIV.pack-carousel-slot#black-pack-icon.webp","tr":"matrix3d(0.5, 0, -0.866025, 0, 0, 1, 0, 0, 0.866025, 0, 0.5, 0, 224.474, 0, 129.6, 1)","o":1,"x":935,"y":221,"w":73,"h":432},{"s":"DIV.pack-carousel-inner#black-pack-icon.webp","tr":"matrix(1, 0, 0, 1, 0, 0.723596)","o":1,"x":935,"y":222,"w":73,"h":432,"an":"pack-carousel-float|4.4s|ease-in-out"},{"s":"DIV.pack-carousel-slot#black-pack-icon.webp","tr":"matrix3d(-0.5, 0, -0.866025, 0, 0, 1, 0, 0, 0.866025, 0, -0.5, 0, 224.474, 0, -129.6, 1)","o":0.24,"x":837,"y":261,"w":162,"h":351},{"s":"DIV.pack-carousel-inner#black-pack-icon.webp","tr":"matrix(1, 0, 0, 1, 0, 0.723596)","o":1,"x":837,"y":262,"w":162,"h":351,"an":"pack-carousel-float|4.4s|ease-in-out"},{"s":"DIV.pack-carousel-slot#black-pack-icon.webp","tr":"matrix3d(-1, 0, 0, 0, 0, 1, 0, 0, 0, 0, -1, 0, 0, 0, -259.2, 1)","o":0,"x":591,"y":283,"w":218,"h":308},{"s":"DIV.pack-carousel-inner#black-pack-icon.webp","tr":"matrix(1, 0, 0, 1, 0, 0.723596)","o":1,"x":591,"y":283,"w":218,"h":308,"an":"pack-carousel-float|4.4s|ease-in-out"},{"s":"DIV.pack-carousel-slot#black-pack-icon.webp","tr":"matrix3d(-0.5, 0, 0.866025, 0, 0, 1, 0, 0, -0.866025, 0, -0.5, 0, -224.474, 0, -129.6, 1)","o":0.372,"x":429,"y":255,"w":136,"h":364},{"s":"DIV.pack-carousel-inner#black-pack-icon.webp","tr":"matrix(1, 0, 0, 1, 0, 0.723596)","o":1,"x":429,"y":255,"w":136,"h":364,"an":"pack-carousel-float|4.4s|ease-in-out"},{"s":"DIV.pack-carousel-slot#black-pack-icon.webp","tr":"matrix3d(0.5, 0, 0.866025, 0, 0, 1, 0, 0, -0.866025, 0, 0.5, 0, -224.474, 0, 129.6, 1)","o":1,"x":424,"y":215,"w":127,"h":443},{"s":"DIV.pack-carousel-inner#black-pack-icon.webp","tr":"matrix(1, 0, 0, 1, 0, 0.723596)","o":1,"x":424,"y":216,"w":127,"h":443,"an":"pack-carousel-float|4.4s|ease-in-out"},{"s":"DIV.relative.flex.w-full","tr":"matrix(1, 0, 0, 1, 0, 0)","o":1,"x":0,"y":874,"w":1440,"h":127},{"s":"BUTTON.relative.flex.items-center","tr":"none","o":0.7,"x":623,"y":882,"w":195,"h":55}],"txt":"SHUFFLING… TAP TO SELECT A PACK TO OPEN"},{"t":135.1,"n":[{"s":"DIV.pointer-events-none.absolute.inset-0","tr":"matrix(1, 0, 0, 1, 0, 0)","o":1,"x":0,"y":0,"w":1440,"h":1000},{"s":"DIV.pack-carousel-reflection#black-pack-icon.webp","tr":"matrix3d(1, 0, 0, 0, 0, -1, 0, 0, 0, 0, 1, 0, 0, 394.057, 259.2, 1)","o":0.45,"x":557,"y":698,"w":318,"h":446},{"s":"DIV.pack-carousel-reflection#black-pack-icon.webp","tr":"matrix3d(0.5, 0, -0.866025, 0, 0, -1, 0, 0, 0.866025, 0, 0.5, 0, 224.474, 394.057, 129.6, 1)","o":0.23,"x":910,"y":653,"w":104,"h":480},{"s":"DIV.pack-carousel-reflection#black-pack-icon.webp","tr":"matrix3d(-0.5, 0, -0.866025, 0, 0, -1, 0, 0, 0.866025, 0, -0.5, 0, 224.474, 394.057, -129.6, 1)","o":0,"x":859,"y":619,"w":148,"h":388},{"s":"DIV.pack-carousel-reflection#black-pack-icon.webp","tr":"matrix3d(-1, 0, 0, 0, 0, -1, 0, 0, 0, 0, -1, 0, 0, 394.057, -259.2, 1)","o":0,"x":614,"y":616,"w":219,"h":306},{"s":"DIV.pack-carousel-reflection#black-pack-icon.webp","tr":"matrix3d(-0.5, 0, 0.866025, 0, 0, -1, 0, 0, -0.866025, 0, -0.5, 0, -224.474, 394.057, -129.6, 1)","o":0,"x":435,"y":618,"w":151,"h":385},{"s":"DIV.pack-carousel-reflection#black-pack-icon.webp","tr":"matrix3d(0.5, 0, 0.866025, 0, 0, -1, 0, 0, -0.866025, 0, 0.5, 0, -224.474, 394.057, 129.6, 1)","o":0.22,"x":428,"y":652,"w":96,"h":479},{"s":"DIV.pack-carousel-slot#black-pack-icon.webp","tr":"matrix3d(1, 0, 0, 0, 0, 1, 0, 0, 0, 0, 1, 0, 0, 0, 259.2, 1)","o":1,"x":557,"y":214,"w":318,"h":445},{"s":"DIV.pack-carousel-inner#black-pack-icon.webp","tr":"matrix(1, 0, 0, 1, 0, 0.825757)","o":1,"x":557,"y":215,"w":318,"h":445,"an":"pack-carousel-float|4.4s|ease-in-out"},{"s":"DIV.pack-carousel-slot#black-pack-icon.webp","tr":"matrix3d(0.5, 0, -0.866025, 0, 0, 1, 0, 0, 0.866025, 0, 0.5, 0, 224.474, 0, 129.6, 1)","o":1,"x":910,"y":218,"w":104,"h":438},{"s":"DIV.pack-carousel-inner#black-pack-icon.webp","tr":"matrix(1, 0, 0, 1, 0, 0.825757)","o":1,"x":910,"y":219,"w":104,"h":438,"an":"pack-carousel-float|4.4s|ease-in-out"},{"s":"DIV.pack-carousel-slot#black-pack-icon.webp","tr":"matrix3d(-0.5, 0, -0.866025, 0, 0, 1, 0, 0, 0.866025, 0, -0.5, 0, 224.474, 0, -129.6, 1)","o":0.314,"x":859,"y":257,"w":148,"h":359},{"s":"DIV.pack-carousel-inner#black-pack-icon.webp","tr":"matrix(1, 0, 0, 1, 0, 0.825757)","o":1,"x":859,"y":258,"w":148,"h":359,"an":"pack-carousel-float|4.4s|ease-in-out"},{"s":"DIV.pack-carousel-slot#black-pack-icon.webp","tr":"matrix3d(-1, 0, 0, 0, 0, 1, 0, 0, 0, 0, -1, 0, 0, 0, -259.2, 1)","o":0,"x":614,"y":284,"w":219,"h":306},{"s":"DIV.pack-carousel-inner#black-pack-icon.webp","tr":"matrix(1, 0, 0, 1, 0, 0.825757)","o":1,"x":614,"y":285,"w":219,"h":306,"an":"pack-carousel-float|4.4s|ease-in-out"},{"s":"DIV.pack-carousel-slot#black-pack-icon.webp","tr":"matrix3d(-0.5, 0, 0.866025, 0, 0, 1, 0, 0, -0.866025, 0, -0.5, 0, -224.474, 0, -129.6, 1)","o":0.295,"x":435,"y":258,"w":151,"h":357},{"s":"DIV.pack-carousel-inner#black-pack-icon.webp","tr":"matrix(1, 0, 0, 1, 0, 0.825757)","o":1,"x":435,"y":259,"w":151,"h":357,"an":"pack-carousel-float|4.4s|ease-in-out"},{"s":"DIV.pack-carousel-slot#black-pack-icon.webp","tr":"matrix3d(0.5, 0, 0.866025, 0, 0, 1, 0, 0, -0.866025, 0, 0.5, 0, -224.474, 0, 129.6, 1)","o":1,"x":428,"y":218,"w":96,"h":437},{"s":"DIV.pack-carousel-inner#black-pack-icon.webp","tr":"matrix(1, 0, 0, 1, 0, 0.825757)","o":1,"x":428,"y":219,"w":96,"h":437,"an":"pack-carousel-float|4.4s|ease-in-out"},{"s":"DIV.relative.flex.w-full","tr":"matrix(1, 0, 0, 1, 0, 0)","o":1,"x":0,"y":874,"w":1440,"h":127},{"s":"BUTTON.relative.flex.items-center","tr":"none","o":0.7,"x":623,"y":882,"w":195,"h":55}],"txt":"SHUFFLING… TAP TO SELECT A PACK TO OPEN"},{"t":151.7,"n":[{"s":"DIV.pointer-events-none.absolute.inset-0","tr":"matrix(1, 0, 0, 1, 0, 0)","o":1,"x":0,"y":0,"w":1440,"h":1000},{"s":"DIV.pack-carousel-reflection#black-pack-icon.webp","tr":"matrix3d(1, 0, 0, 0, 0, -1, 0, 0, 0, 0, 1, 0, 0, 394.057, 259.2, 1)","o":0.447,"x":529,"y":694,"w":315,"h":456},{"s":"DIV.pack-carousel-reflection#black-pack-icon.webp","tr":"matrix3d(0.5, 0, -0.866025, 0, 0, -1, 0, 0, 0.866025, 0, 0.5, 0, 224.474, 394.057, 129.6, 1)","o":0.268,"x":881,"y":658,"w":135,"h":484},{"s":"DIV.pack-carousel-reflection#black-pack-icon.webp","tr":"matrix3d(-0.5, 0, -0.866025, 0, 0, -1, 0, 0, 0.866025, 0, -0.5, 0, 224.474, 394.057, -129.6, 1)","o":0,"x":881,"y":621,"w":132,"h":398},{"s":"DIV.pack-carousel-reflection#black-pack-icon.webp","tr":"matrix3d(-1, 0, 0, 0, 0, -1, 0, 0, 0, 0, -1, 0, 0, 394.057, -259.2, 1)","o":0,"x":637,"y":615,"w":218,"h":312},{"s":"DIV.pack-carousel-reflection#black-pack-icon.webp","tr":"matrix3d(-0.5, 0, 0.866025, 0, 0, -1, 0, 0, -0.866025, 0, -0.5, 0, -224.474, 394.057, -129.6, 1)","o":0,"x":444,"y":617,"w":165,"h":375},{"s":"DIV.pack-carousel-reflection#black-pack-icon.webp","tr":"matrix3d(0.5, 0, 0.866025, 0, 0, -1, 0, 0, -0.866025, 0, 0.5, 0, -224.474, 394.057, 129.6, 1)","o":0.18,"x":434,"y":647,"w":65,"h":473},{"s":"DIV.pack-carousel-slot#black-pack-icon.webp","tr":"matrix3d(1, 0, 0, 0, 0, 1, 0, 0, 0, 0, 1, 0, 0, 0, 259.2, 1)","o":1,"x":529,"y":212,"w":315,"h":449},{"s":"DIV.pack-carousel-inner#black-pack-icon.webp","tr":"matrix(1, 0, 0, 1, 0, 0.927204)","o":1,"x":529,"y":213,"w":315,"h":449,"an":"pack-carousel-float|4.4s|ease-in-out"},{"s":"DIV.pack-carousel-slot#black-pack-icon.webp","tr":"matrix3d(0.5, 0, -0.866025, 0, 0, 1, 0, 0, 0.866025, 0, 0.5, 0, 224.474, 0, 129.6, 1)","o":1,"x":881,"y":215,"w":135,"h":444},{"s":"DIV.pack-carousel-inner#black-pack-icon.webp","tr":"matrix(1, 0, 0, 1, 0, 0.927204)","o":1,"x":881,"y":216,"w":135,"h":444,"an":"pack-carousel-float|4.4s|ease-in-out"},{"s":"DIV.pack-carousel-slot#black-pack-icon.webp","tr":"matrix3d(-0.5, 0, -0.866025, 0, 0, 1, 0, 0, 0.866025, 0, -0.5, 0, 224.474, 0, -129.6, 1)","o":0.392,"x":881,"y":254,"w":132,"h":366},{"s":"DIV.pack-carousel-inner#black-pack-icon.webp","tr":"matrix(1, 0, 0, 1, 0, 0.927204)","o":1,"x":881,"y":255,"w":132,"h":366,"an":"pack-carousel-float|4.4s|ease-in-out"},{"s":"DIV.pack-carousel-slot#black-pack-icon.webp","tr":"matrix3d(-1, 0, 0, 0, 0, 1, 0, 0, 0, 0, -1, 0, 0, 0, -259.2, 1)","o":0,"x":637,"y":282,"w":218,"h":309},{"s":"DIV.pack-carousel-inner#black-pack-icon.webp","tr":"matrix(1, 0, 0, 1, 0, 0.927204)","o":1,"x":637,"y":283,"w":218,"h":309,"an":"pack-carousel-float|4.4s|ease-in-out"},{"s":"DIV.pack-carousel-slot#black-pack-icon.webp","tr":"matrix3d(-0.5, 0, 0.866025, 0, 0, 1, 0, 0, -0.866025, 0, -0.5, 0, -224.474, 0, -129.6, 1)","o":0.222,"x":444,"y":262,"w":165,"h":350},{"s":"DIV.pack-carousel-inner#black-pack-icon.webp","tr":"matrix(1, 0, 0, 1, 0, 0.927204)","o":1,"x":444,"y":263,"w":165,"h":350,"an":"pack-carousel-float|4.4s|ease-in-out"},{"s":"DIV.pack-carousel-slot#black-pack-icon.webp","tr":"matrix3d(0.5, 0, 0.866025, 0, 0, 1, 0, 0, -0.866025, 0, 0.5, 0, -224.474, 0, 129.6, 1)","o":1,"x":434,"y":222,"w":65,"h":430},{"s":"DIV.pack-carousel-inner#black-pack-icon.webp","tr":"matrix(1, 0, 0, 1, 0, 0.927204)","o":1,"x":434,"y":223,"w":65,"h":430,"an":"pack-carousel-float|4.4s|ease-in-out"},{"s":"DIV.relative.flex.w-full","tr":"matrix(1, 0, 0, 1, 0, 0)","o":1,"x":0,"y":874,"w":1440,"h":127},{"s":"BUTTON.relative.flex.items-center","tr":"none","o":0.7,"x":623,"y":882,"w":195,"h":55}],"txt":"SHUFFLING… TAP TO SELECT A PACK TO OPEN"},{"t":167.6,"n":[{"s":"DIV.pointer-events-none.absolute.inset-0","tr":"matrix(1, 0, 0, 1, 0, 0)","o":1,"x":0,"y":0,"w":1440,"h":1000},{"s":"DIV.pack-carousel-reflection#black-pack-icon.webp","tr":"matrix3d(1, 0, 0, 0, 0, -1, 0, 0, 0, 0, 1, 0, 0, 394.057, 259.2, 1)","o":0.44,"x":504,"y":691,"w":306,"h":465},{"s":"DIV.pack-carousel-reflection#black-pack-icon.webp","tr":"matrix3d(0.5, 0, -0.866025, 0, 0, -1, 0, 0, 0.866025, 0, 0.5, 0, 224.474, 394.057, 129.6, 1)","o":0.302,"x":851,"y":662,"w":165,"h":487},{"s":"DIV.pack-carousel-reflection#black-pack-icon.webp","tr":"matrix3d(-0.5, 0, -0.866025, 0, 0, -1, 0, 0, 0.866025, 0, -0.5, 0, 224.474, 394.057, -129.6, 1)","o":0,"x":901,"y":623,"w":115,"h":408},{"s":"DIV.pack-carousel-reflection#black-pack-icon.webp","tr":"matrix3d(-1, 0, 0, 0, 0, -1, 0, 0, 0, 0, -1, 0, 0, 394.057, -259.2, 1)","o":0,"x":660,"y":614,"w":216,"h":318},{"s":"DIV.pack-carousel-reflection#black-pack-icon.webp","tr":"matrix3d(-0.5, 0, 0.866025, 0, 0, -1, 0, 0, -0.866025, 0, -0.5, 0, -224.474, 394.057, -129.6, 1)","o":0,"x":455,"y":615,"w":176,"h":366},{"s":"DIV.pack-carousel-reflection#black-pack-icon.webp","tr":"matrix3d(0.5, 0, 0.866025, 0, 0, -1, 0, 0, -0.866025, 0, 0.5, 0, -224.474, 394.057, 129.6, 1)","o":0.138,"x":442,"y":643,"w":36,"h":466},{"s":"DIV.pack-carousel-slot#black-pack-icon.webp","tr":"matrix3d(1, 0, 0, 0, 0, 1, 0, 0, 0, 0, 1, 0, 0, 0, 259.2, 1)","o":1,"x":504,"y":210,"w":306,"h":453},{"s":"DIV.pack-carousel-inner#black-pack-icon.webp","tr":"matrix(1, 0, 0, 1, 0, 1.02725)","o":1,"x":504,"y":212,"w":306,"h":453,"an":"pack-carousel-float|4.4s|ease-in-out"},{"s":"DIV.pack-carousel-slot#black-pack-icon.webp","tr":"matrix3d(0.5, 0, -0.866025, 0, 0, 1, 0, 0, 0.866025, 0, 0.5, 0, 224.474, 0, 129.6, 1)","o":1,"x":851,"y":212,"w":165,"h":449},{"s":"DIV.pack-carousel-inner#black-pack-icon.webp","tr":"matrix(1, 0, 0, 1, 0, 1.02725)","o":1,"x":851,"y":214,"w":165,"h":449,"an":"pack-carousel-float|4.4s|ease-in-out"},{"s":"DIV.pack-carousel-slot#black-pack-icon.webp","tr":"matrix3d(-0.5, 0, -0.866025, 0, 0, 1, 0, 0, 0.866025, 0, -0.5, 0, 224.474, 0, -129.6, 1)","o":0.472,"x":901,"y":250,"w":115,"h":374},{"s":"DIV.pack-carousel-inner#black-pack-icon.webp","tr":"matrix(1, 0, 0, 1, 0, 1.02725)","o":1,"x":901,"y":251,"w":115,"h":374,"an":"pack-carousel-float|4.4s|ease-in-out"},{"s":"DIV.pack-carousel-slot#black-pack-icon.webp","tr":"matrix3d(-1, 0, 0, 0, 0, 1, 0, 0, 0, 0, -1, 0, 0, 0, -259.2, 1)","o":0,"x":660,"y":281,"w":216,"h":312},{"s":"DIV.pack-carousel-inner#black-pack-icon.webp","tr":"matrix(1, 0, 0, 1, 0, 1.02725)","o":1,"x":660,"y":282,"w":216,"h":312,"an":"pack-carousel-float|4.4s|ease-in-out"},{"s":"DIV.pack-carousel-slot#black-pack-icon.webp","tr":"matrix3d(-0.5, 0, 0.866025, 0, 0, 1, 0, 0, -0.866025, 0, -0.5, 0, -224.474, 0, -129.6, 1)","o":0.156,"x":455,"y":265,"w":176,"h":343},{"s":"DIV.pack-carousel-inner#black-pack-icon.webp","tr":"matrix(1, 0, 0, 1, 0, 1.02725)","o":1,"x":455,"y":266,"w":176,"h":343,"an":"pack-carousel-float|4.4s|ease-in-out"},{"s":"DIV.pack-carousel-slot#black-pack-icon.webp","tr":"matrix3d(0.5, 0, 0.866025, 0, 0, 1, 0, 0, -0.866025, 0, 0.5, 0, -224.474, 0, 129.6, 1)","o":1,"x":442,"y":225,"w":36,"h":423},{"s":"DIV.pack-carousel-inner#black-pack-icon.webp","tr":"matrix(1, 0, 0, 1, 0, 1.02725)","o":1,"x":442,"y":226,"w":36,"h":423,"an":"pack-carousel-float|4.4s|ease-in-out"},{"s":"DIV.relative.flex.w-full","tr":"matrix(1, 0, 0, 1, 0, 0)","o":1,"x":0,"y":874,"w":1440,"h":127},{"s":"BUTTON.relative.flex.items-center","tr":"none","o":0.7,"x":623,"y":882,"w":195,"h":55}],"txt":"SHUFFLING… TAP TO SELECT A PACK TO OPEN"},{"t":185.1,"n":[{"s":"DIV.pointer-events-none.absolute.inset-0","tr":"matrix(1, 0, 0, 1, 0, 0)","o":1,"x":0,"y":0,"w":1440,"h":1000},{"s":"DIV.pack-carousel-reflection#black-pack-icon.webp","tr":"matrix3d(1, 0, 0, 0, 0, -1, 0, 0, 0, 0, 1, 0, 0, 394.057, 259.2, 1)","o":0.429,"x":483,"y":687,"w":294,"h":473},{"s":"DIV.pack-carousel-reflection#black-pack-icon.webp","tr":"matrix3d(0.5, 0, -0.866025, 0, 0, -1, 0, 0, 0.866025, 0, 0.5, 0, 224.474, 394.057, 129.6, 1)","o":0.333,"x":818,"y":667,"w":194,"h":488},{"s":"DIV.pack-carousel-reflection#black-p