{"frames":[{"t":7.8,"n":[{"s":"DIV.absolute.inset-0#mythic-pack-icon.webp","tr":"matrix(1, 0, 0, 1, 0, 0)","o":1,"x":622,"y":291,"w":196,"h":304},{"s":"DIV.absolute.inset-0#mythic-pack-icon.webp","tr":"matrix3d(1, 0, 0, 0, 0, 1, 0, 0, 0, 0, 1, 0, 0, 0, 188, 1)","o":1,"x":602,"y":259,"w":236,"h":367},{"s":"DIV.absolute.inset-0#mythic-pack-icon.webp","tr":"matrix(1, 0, 0, 1, 0, 1.75897)","o":1,"x":602,"y":262,"w":236,"h":367},{"s":"DIV.absolute.left-0.top-full#mythic-pack-icon.webp","tr":"matrix(1, 0, 0, -1, 0, 0)","o":0.2,"x":602,"y":628,"w":236,"h":367},{"s":"DIV.absolute.inset-0#mythic-pack-icon.webp","tr":"matrix3d(0.5, 0, -0.866025, 0, 0, 1, 0, 0, 0.866025, 0, 0.5, 0, 162.813, 0, 94, 1)","o":1,"x":856,"y":261,"w":78,"h":363},{"s":"DIV.absolute.inset-0#mythic-pack-icon.webp","tr":"matrix(1, 0, 0, 1, 0, 1.75897)","o":1,"x":856,"y":263,"w":78,"h":363},{"s":"DIV.absolute.left-0.top-full#mythic-pack-icon.webp","tr":"matrix(1, 0, 0, -1, 0, 0)","o":0.2,"x":856,"y":598,"w":78,"h":392},{"s":"DIV.absolute.inset-0#mythic-pack-icon.webp","tr":"matrix3d(-0.5, 0, -0.866025, 0, 0, 1, 0, 0, 0.866025, 0, -0.5, 0, 162.813, 0, -94, 1)","o":1,"x":818,"y":292,"w":112,"h":301},{"s":"DIV.absolute.inset-0#mythic-pack-icon.webp","tr":"matrix(1, 0, 0, 1, 0, 1.75897)","o":1,"x":818,"y":294,"w":112,"h":301},{"s":"DIV.absolute.left-0.top-full#mythic-pack-icon.webp","tr":"matrix(1, 0, 0, -1, 0, 0)","o":0.2,"x":818,"y":575,"w":112,"h":322},{"s":"DIV.absolute.inset-0#mythic-pack-icon.webp","tr":"matrix3d(-1, 0, 0, 0, 0, 1, 0, 0, 0, 0, -1, 0, 0, 0, -188, 1)","o":1,"x":636,"y":313,"w":167,"h":260},{"s":"DIV.absolute.inset-0#mythic-pack-icon.webp","tr":"matrix(1, 0, 0, 1, 0, 1.75897)","o":1,"x":636,"y":314,"w":167,"h":260},{"s":"DIV.absolute.left-0.top-full#mythic-pack-icon.webp","tr":"matrix(1, 0, 0, -1, 0, 0)","o":0.2,"x":636,"y":574,"w":167,"h":260},{"s":"DIV.absolute.inset-0#mythic-pack-icon.webp","tr":"matrix3d(-0.5, 0, 0.866025, 0, 0, 1, 0, 0, -0.866025, 0, -0.5, 0, -162.813, 0, -94, 1)","o":1,"x":510,"y":292,"w":112,"h":301},{"s":"DIV.absolute.inset-0#mythic-pack-icon.webp","tr":"matrix(1, 0, 0, 1, 0, 1.75897)","o":1,"x":510,"y":294,"w":112,"h":301},{"s":"DIV.absolute.left-0.top-full#mythic-pack-icon.webp","tr":"matrix(1, 0, 0, -1, 0, 0)","o":0.2,"x":510,"y":575,"w":112,"h":322},{"s":"DIV.absolute.inset-0#mythic-pack-icon.webp","tr":"matrix3d(0.5, 0, 0.866025, 0, 0, 1, 0, 0, -0.866025, 0, 0.5, 0, -162.813, 0, 94, 1)","o":1,"x":506,"y":261,"w":78,"h":363},{"s":"DIV.absolute.inset-0#mythic-pack-icon.webp","tr":"matrix(1, 0, 0, 1, 0, 1.75897)","o":1,"x":506,"y":263,"w":78,"h":363},{"s":"DIV.absolute.left-0.top-full#mythic-pack-icon.webp","tr":"matrix(1, 0, 0, -1, 0, 0)","o":0.2,"x":506,"y":598,"w":78,"h":392}],"txt":"⇄ Shuffle DRAG TO SPIN · TAP A PACK TO OPEN"},{"t":25.4,"n":[{"s":"DIV.absolute.inset-0#mythic-pack-icon.webp","tr":"matrix(1, 0, 0, 1, 0, 0)","o":1,"x":622,"y":291,"w":196,"h":304},{"s":"DIV.absolute.inset-0#mythic-pack-icon.webp","tr":"matrix3d(1, 0, 0, 0, 0, 1, 0, 0, 0, 0, 1, 0, 0, 0, 188, 1)","o":1,"x":602,"y":259,"w":236,"h":367},{"s":"DIV.absolute.inset-0#mythic-pack-icon.webp","tr":"matrix(1, 0, 0, 1, 0, 1.73004)","o":1,"x":602,"y":262,"w":236,"h":367},{"s":"DIV.absolute.left-0.top-full#mythic-pack-icon.webp","tr":"matrix(1, 0, 0, -1, 0, 0)","o":0.2,"x":602,"y":628,"w":236,"h":367},{"s":"DIV.absolute.inset-0#mythic-pack-icon.webp","tr":"matrix3d(0.5, 0, -0.866025, 0, 0, 1, 0, 0, 0.866025, 0, 0.5, 0, 162.813, 0, 94, 1)","o":1,"x":856,"y":261,"w":78,"h":363},{"s":"DIV.absolute.inset-0#mythic-pack-icon.webp","tr":"matrix(1, 0, 0, 1, 0, 1.73004)","o":1,"x":856,"y":263,"w":78,"h":363},{"s":"DIV.absolute.left-0.top-full#mythic-pack-icon.webp","tr":"matrix(1, 0, 0, -1, 0, 0)","o":0.2,"x":856,"y":598,"w":78,"h":392},{"s":"DIV.absolute.inset-0#mythic-pack-icon.webp","tr":"matrix3d(-0.5, 0, -0.866025, 0, 0, 1, 0, 0, 0.866025, 0, -0.5, 0, 162.813, 0, -94, 1)","o":1,"x":818,"y":292,"w":112,"h":301},{"s":"DIV.absolute.inset-0#mythic-pack-icon.webp","tr":"matrix(1, 0, 0, 1, 0, 1.73004)","o":1,"x":818,"y":294,"w":112,"h":301},{"s":"DIV.absolute.left-0.top-full#mythic-pack-icon.webp","tr":"matrix(1, 0, 0, -1, 0, 0)","o":0.2,"x":818,"y":575,"w":112,"h":322},{"s":"DIV.absolute.inset-0#mythic-pack-icon.webp","tr":"matrix3d(-1, 0, 0, 0, 0, 1, 0, 0, 0, 0, -1, 0, 0, 0, -188, 1)","o":1,"x":636,"y":313,"w":167,"h":260},{"s":"DIV.absolute.inset-0#mythic-pack-icon.webp","tr":"matrix(1, 0, 0, 1, 0, 1.73004)","o":1,"x":636,"y":314,"w":167,"h":260},{"s":"DIV.absolute.left-0.top-full#mythic-pack-icon.webp","tr":"matrix(1, 0, 0, -1, 0, 0)","o":0.2,"x":636,"y":574,"w":167,"h":260},{"s":"DIV.absolute.inset-0#mythic-pack-icon.webp","tr":"matrix3d(-0.5, 0, 0.866025, 0, 0, 1, 0, 0, -0.866025, 0, -0.5, 0, -162.813, 0, -94, 1)","o":1,"x":510,"y":292,"w":112,"h":301},{"s":"DIV.absolute.inset-0#mythic-pack-icon.webp","tr":"matrix(1, 0, 0, 1, 0, 1.73004)","o":1,"x":510,"y":294,"w":112,"h":301},{"s":"DIV.absolute.left-0.top-full#mythic-pack-icon.webp","tr":"matrix(1, 0, 0, -1, 0, 0)","o":0.2,"x":510,"y":575,"w":112,"h":322},{"s":"DIV.absolute.inset-0#mythic-pack-icon.webp","tr":"matrix3d(0.5, 0, 0.866025, 0, 0, 1, 0, 0, -0.866025, 0, 0.5, 0, -162.813, 0, 94, 1)","o":1,"x":506,"y":261,"w":78,"h":363},{"s":"DIV.absolute.inset-0#mythic-pack-icon.webp","tr":"matrix(1, 0, 0, 1, 0, 1.73004)","o":1,"x":506,"y":263,"w":78,"h":363},{"s":"DIV.absolute.left-0.top-full#mythic-pack-icon.webp","tr":"matrix(1, 0, 0, -1, 0, 0)","o":0.2,"x":506,"y":598,"w":78,"h":392}],"txt":"⇄ Shuffle DRAG TO SPIN · TAP A PACK TO OPEN"},{"t":41.1,"n":[{"s":"DIV.absolute.inset-0#mythic-pack-icon.webp","tr":"matrix(1, 0, 0, 1, 0, 0)","o":1,"x":622,"y":291,"w":196,"h":304},{"s":"DIV.absolute.inset-0#mythic-pack-icon.webp","tr":"matrix3d(1, 0, 0, 0, 0, 1, 0, 0, 0, 0, 1, 0, 0, 0, 188, 1)","o":1,"x":602,"y":259,"w":236,"h":367},{"s":"DIV.absolute.inset-0#mythic-pack-icon.webp","tr":"matrix(1, 0, 0, 1, 0, 1.70204)","o":1,"x":602,"y":261,"w":236,"h":367},{"s":"DIV.absolute.left-0.top-full#mythic-pack-icon.webp","tr":"matrix(1, 0, 0, -1, 0, 0)","o":0.2,"x":602,"y":628,"w":236,"h":367},{"s":"DIV.absolute.inset-0#mythic-pack-icon.webp","tr":"matrix3d(0.5, 0, -0.866025, 0, 0, 1, 0, 0, 0.866025, 0, 0.5, 0, 162.813, 0, 94, 1)","o":1,"x":856,"y":261,"w":78,"h":363},{"s":"DIV.absolute.inset-0#mythic-pack-icon.webp","tr":"matrix(1, 0, 0, 1, 0, 1.70204)","o":1,"x":856,"y":263,"w":78,"h":363},{"s":"DIV.absolute.left-0.top-full#mythic-pack-icon.webp","tr":"matrix(1, 0, 0, -1, 0, 0)","o":0.2,"x":856,"y":598,"w":78,"h":392},{"s":"DIV.absolute.inset-0#mythic-pack-icon.webp","tr":"matrix3d(-0.5, 0, -0.866025, 0, 0, 1, 0, 0, 0.866025, 0, -0.5, 0, 162.813, 0, -94, 1)","o":1,"x":818,"y":292,"w":112,"h":301},{"s":"DIV.absolute.inset-0#mythic-pack-icon.webp","tr":"matrix(1, 0, 0, 1, 0, 1.70204)","o":1,"x":818,"y":294,"w":112,"h":301},{"s":"DIV.absolute.left-0.top-full#mythic-pack-icon.webp","tr":"matrix(1, 0, 0, -1, 0, 0)","o":0.2,"x":818,"y":575,"w":112,"h":322},{"s":"DIV.absolute.inset-0#mythic-pack-icon.webp","tr":"matrix3d(-1, 0, 0, 0, 0, 1, 0, 0, 0, 0, -1, 0, 0, 0, -188, 1)","o":1,"x":636,"y":313,"w":167,"h":260},{"s":"DIV.absolute.inset-0#mythic-pack-icon.webp","tr":"matrix(1, 0, 0, 1, 0, 1.70204)","o":1,"x":636,"y":314,"w":167,"h":260},{"s":"DIV.absolute.left-0.top-full#mythic-pack-icon.webp","tr":"matrix(1, 0, 0, -1, 0, 0)","o":0.2,"x":636,"y":574,"w":167,"h":260},{"s":"DIV.absolute.inset-0#mythic-pack-icon.webp","tr":"matrix3d(-0.5, 0, 0.866025, 0, 0, 1, 0, 0, -0.866025, 0, -0.5, 0, -162.813, 0, -94, 1)","o":1,"x":510,"y":292,"w":112,"h":301},{"s":"DIV.absolute.inset-0#mythic-pack-icon.webp","tr":"matrix(1, 0, 0, 1, 0, 1.70204)","o":1,"x":510,"y":294,"w":112,"h":301},{"s":"DIV.absolute.left-0.top-full#mythic-pack-icon.webp","tr":"matrix(1, 0, 0, -1, 0, 0)","o":0.2,"x":510,"y":575,"w":112,"h":322},{"s":"DIV.absolute.inset-0#mythic-pack-icon.webp","tr":"matrix3d(0.5, 0, 0.866025, 0, 0, 1, 0, 0, -0.866025, 0, 0.5, 0, -162.813, 0, 94, 1)","o":1,"x":506,"y":261,"w":78,"h":363},{"s":"DIV.absolute.inset-0#mythic-pack-icon.webp","tr":"matrix(1, 0, 0, 1, 0, 1.70204)","o":1,"x":506,"y":263,"w":78,"h":363},{"s":"DIV.absolute.left-0.top-full#mythic-pack-icon.webp","tr":"matrix(1, 0, 0, -1, 0, 0)","o":0.2,"x":506,"y":598,"w":78,"h":392}],"txt":"⇄ Shuffle DRAG TO SPIN · TAP A PACK TO OPEN"},{"t":57.4,"n":[{"s":"DIV.absolute.inset-0#mythic-pack-icon.webp","tr":"matrix(1, 0, 0, 1, 0, 0)","o":1,"x":622,"y":291,"w":196,"h":304},{"s":"DIV.absolute.inset-0#mythic-pack-icon.webp","tr":"matrix3d(1, 0, 0, 0, 0, 1, 0, 0, 0, 0, 1, 0, 0, 0, 188, 1)","o":1,"x":602,"y":259,"w":236,"h":367},{"s":"DIV.absolute.inset-0#mythic-pack-icon.webp","tr":"matrix(1, 0, 0, 1, 0, 1.67319)","o":1,"x":602,"y":261,"w":236,"h":367},{"s":"DIV.absolute.left-0.top-full#mythic-pack-icon.webp","tr":"matrix(1, 0, 0, -1, 0, 0)","o":0.2,"x":602,"y":628,"w":236,"h":367},{"s":"DIV.absolute.inset-0#mythic-pack-icon.webp","tr":"matrix3d(0.5, 0, -0.866025, 0, 0, 1, 0, 0, 0.866025, 0, 0.5, 0, 162.813, 0, 94, 1)","o":1,"x":856,"y":261,"w":78,"h":363},{"s":"DIV.absolute.inset-0#mythic-pack-icon.webp","tr":"matrix(1, 0, 0, 1, 0, 1.67319)","o":1,"x":856,"y":263,"w":78,"h":363},{"s":"DIV.absolute.left-0.top-full#mythic-pack-icon.webp","tr":"matrix(1, 0, 0, -1, 0, 0)","o":0.2,"x":856,"y":598,"w":78,"h":392},{"s":"DIV.absolute.inset-0#mythic-pack-icon.webp","tr":"matrix3d(-0.5, 0, -0.866025, 0, 0, 1, 0, 0, 0.866025, 0, -0.5, 0, 162.813, 0, -94, 1)","o":1,"x":818,"y":292,"w":112,"h":301},{"s":"DIV.absolute.inset-0#mythic-pack-icon.webp","tr":"matrix(1, 0, 0, 1, 0, 1.67319)","o":1,"x":818,"y":294,"w":112,"h":301},{"s":"DIV.absolute.left-0.top-full#mythic-pack-icon.webp","tr":"matrix(1, 0, 0, -1, 0, 0)","o":0.2,"x":818,"y":575,"w":112,"h":322},{"s":"DIV.absolute.inset-0#mythic-pack-icon.webp","tr":"matrix3d(-1, 0, 0, 0, 0, 1, 0, 0, 0, 0, -1, 0, 0, 0, -188, 1)","o":1,"x":636,"y":313,"w":167,"h":260},{"s":"DIV.absolute.inset-0#mythic-pack-icon.webp","tr":"matrix(1, 0, 0, 1, 0, 1.67319)","o":1,"x":636,"y":314,"w":167,"h":260},{"s":"DIV.absolute.left-0.top-full#mythic-pack-icon.webp","tr":"matrix(1, 0, 0, -1, 0, 0)","o":0.2,"x":636,"y":574,"w":167,"h":260},{"s":"DIV.absolute.inset-0#mythic-pack-icon.webp","tr":"matrix3d(-0.5, 0, 0.866025, 0, 0, 1, 0, 0, -0.866025, 0, -0.5, 0, -162.813, 0, -94, 1)","o":1,"x":510,"y":292,"w":112,"h":301},{"s":"DIV.absolute.inset-0#mythic-pack-icon.webp","tr":"matrix(1, 0, 0, 1, 0, 1.67319)","o":1,"x":510,"y":294,"w":112,"h":301},{"s":"DIV.absolute.left-0.top-full#mythic-pack-icon.webp","tr":"matrix(1, 0, 0, -1, 0, 0)","o":0.2,"x":510,"y":575,"w":112,"h":322},{"s":"DIV.absolute.inset-0#mythic-pack-icon.webp","tr":"matrix3d(0.5, 0, 0.866025, 0, 0, 1, 0, 0, -0.866025, 0, 0.5, 0, -162.813, 0, 94, 1)","o":1,"x":506,"y":261,"w":78,"h":363},{"s":"DIV.absolute.inset-0#mythic-pack-icon.webp","tr":"matrix(1, 0, 0, 1, 0, 1.67319)","o":1,"x":506,"y":263,"w":78,"h":363},{"s":"DIV.absolute.left-0.top-full#mythic-pack-icon.webp","tr":"matrix(1, 0, 0, -1, 0, 0)","o":0.2,"x":506,"y":598,"w":78,"h":392}],"txt":"⇄ Shuffle DRAG TO SPIN · TAP A PACK TO OPEN"},{"t":74.9,"n":[{"s":"DIV.absolute.inset-0#mythic-pack-icon.webp","tr":"matrix(1, 0, 0, 1, 0, 0)","o":1,"x":622,"y":291,"w":196,"h":304},{"s":"DIV.absolute.inset-0#mythic-pack-icon.webp","tr":"matrix3d(1, 0, 0, 0, 0, 1, 0, 0, 0, 0, 1, 0, 0, 0, 188, 1)","o":1,"x":602,"y":259,"w":236,"h":367},{"s":"DIV.absolute.inset-0#mythic-pack-icon.webp","tr":"matrix(1, 0, 0, 1, 0, 1.64353)","o":1,"x":602,"y":261,"w":236,"h":367},{"s":"DIV.absolute.left-0.top-full#mythic-pack-icon.webp","tr":"matrix(1, 0, 0, -1, 0, 0)","o":0.2,"x":602,"y":628,"w":236,"h":367},{"s":"DIV.absolute.inset-0#mythic-pack-icon.webp","tr":"matrix3d(0.5, 0, -0.866025, 0, 0, 1, 0, 0, 0.866025, 0, 0.5, 0, 162.813, 0, 94, 1)","o":1,"x":856,"y":261,"w":78,"h":363},{"s":"DIV.absolute.inset-0#mythic-pack-icon.webp","tr":"matrix(1, 0, 0, 1, 0, 1.64353)","o":1,"x":856,"y":263,"w":78,"h":363},{"s":"DIV.absolute.left-0.top-full#mythic-pack-icon.webp","tr":"matrix(1, 0, 0, -1, 0, 0)","o":0.2,"x":856,"y":598,"w":78,"h":392},{"s":"DIV.absolute.inset-0#mythic-pack-icon.webp","tr":"matrix3d(-0.5, 0, -0.866025, 0, 0, 1, 0, 0, 0.866025, 0, -0.5, 0, 162.813, 0, -94, 1)","o":1,"x":818,"y":292,"w":112,"h":301},{"s":"DIV.absolute.inset-0#mythic-pack-icon.webp","tr":"matrix(1, 0, 0, 1, 0, 1.64353)","o":1,"x":818,"y":294,"w":112,"h":301},{"s":"DIV.absolute.left-0.top-full#mythic-pack-icon.webp","tr":"matrix(1, 0, 0, -1, 0, 0)","o":0.2,"x":818,"y":575,"w":112,"h":322},{"s":"DIV.absolute.inset-0#mythic-pack-icon.webp","tr":"matrix3d(-1, 0, 0, 0, 0, 1, 0, 0, 0, 0, -1, 0, 0, 0, -188, 1)","o":1,"x":636,"y":313,"w":167,"h":260},{"s":"DIV.absolute.inset-0#mythic-pack-icon.webp","tr":"matrix(1, 0, 0, 1, 0, 1.64353)","o":1,"x":636,"y":314,"w":167,"h":260},{"s":"DIV.absolute.left-0.top-full#mythic-pack-icon.webp","tr":"matrix(1, 0, 0, -1, 0, 0)","o":0.2,"x":636,"y":574,"w":167,"h":260},{"s":"DIV.absolute.inset-0#mythic-pack-icon.webp","tr":"matrix3d(-0.5, 0, 0.866025, 0, 0, 1, 0, 0, -0.866025, 0, -0.5, 0, -162.813, 0, -94, 1)","o":1,"x":510,"y":292,"w":112,"h":301},{"s":"DIV.absolute.inset-0#mythic-pack-icon.webp","tr":"matrix(1, 0, 0, 1, 0, 1.64353)","o":1,"x":510,"y":294,"w":112,"h":301},{"s":"DIV.absolute.left-0.top-full#mythic-pack-icon.webp","tr":"matrix(1, 0, 0, -1, 0, 0)","o":0.2,"x":510,"y":575,"w":112,"h":322},{"s":"DIV.absolute.inset-0#mythic-pack-icon.webp","tr":"matrix3d(0.5, 0, 0.866025, 0, 0, 1, 0, 0, -0.866025, 0, 0.5, 0, -162.813, 0, 94, 1)","o":1,"x":506,"y":261,"w":78,"h":363},{"s":"DIV.absolute.inset-0#mythic-pack-icon.webp","tr":"matrix(1, 0, 0, 1, 0, 1.64353)","o":1,"x":506,"y":263,"w":78,"h":363},{"s":"DIV.absolute.left-0.top-full#mythic-pack-icon.webp","tr":"matrix(1, 0, 0, -1, 0, 0)","o":0.2,"x":506,"y":598,"w":78,"h":392}],"txt":"⇄ Shuffle DRAG TO SPIN · TAP A PACK TO OPEN"},{"t":91.3,"n":[{"s":"DIV.absolute.inset-0#mythic-pack-icon.webp","tr":"matrix(1, 0, 0, 1, 0, 0)","o":1,"x":622,"y":291,"w":196,"h":304},{"s":"DIV.absolute.inset-0#mythic-pack-icon.webp","tr":"matrix3d(1, 0, 0, 0, 0, 1, 0, 0, 0, 0, 1, 0, 0, 0, 188, 1)","o":1,"x":602,"y":259,"w":236,"h":367},{"s":"DIV.absolute.inset-0#mythic-pack-icon.webp","tr":"matrix(1, 0, 0, 1, 0, 1.61102)","o":1,"x":602,"y":261,"w":236,"h":367},{"s":"DIV.absolute.left-0.top-full#mythic-pack-icon.webp","tr":"matrix(1, 0, 0, -1, 0, 0)","o":0.2,"x":602,"y":628,"w":236,"h":367},{"s":"DIV.absolute.inset-0#mythic-pack-icon.webp","tr":"matrix3d(0.5, 0, -0.866025, 0, 0, 1, 0, 0, 0.866025, 0, 0.5, 0, 162.813, 0, 94, 1)","o":1,"x":856,"y":261,"w":78,"h":363},{"s":"DIV.absolute.inset-0#mythic-pack-icon.webp","tr":"matrix(1, 0, 0, 1, 0, 1.61102)","o":1,"x":856,"y":263,"w":78,"h":363},{"s":"DIV.absolute.left-0.top-full#mythic-pack-icon.webp","tr":"matrix(1, 0, 0, -1, 0, 0)","o":0.2,"x":856,"y":598,"w":78,"h":392},{"s":"DIV.absolute.inset-0#mythic-pack-icon.webp","tr":"matrix3d(-0.5, 0, -0.866025, 0, 0, 1, 0, 0, 0.866025, 0, -0.5, 0, 162.813, 0, -94, 1)","o":1,"x":818,"y":292,"w":112,"h":301},{"s":"DIV.absolute.inset-0#mythic-pack-icon.webp","tr":"matrix(1, 0, 0, 1, 0, 1.61102)","o":1,"x":818,"y":294,"w":112,"h":301},{"s":"DIV.absolute.left-0.top-full#mythic-pack-icon.webp","tr":"matrix(1, 0, 0, -1, 0, 0)","o":0.2,"x":818,"y":575,"w":112,"h":322},{"s":"DIV.absolute.inset-0#mythic-pack-icon.webp","tr":"matrix3d(-1, 0, 0, 0, 0, 1, 0, 0, 0, 0, -1, 0, 0, 0, -188, 1)","o":1,"x":636,"y":313,"w":167,"h":260},{"s":"DIV.absolute.inset-0#mythic-pack-icon.webp","tr":"matrix(1, 0, 0, 1, 0, 1.61102)","o":1,"x":636,"y":314,"w":167,"h":260},{"s":"DIV.absolute.left-0.top-full#mythic-pack-icon.webp","tr":"matrix(1, 0, 0, -1, 0, 0)","o":0.2,"x":636,"y":574,"w":167,"h":260},{"s":"DIV.absolute.inset-0#mythic-pack-icon.webp","tr":"matrix3d(-0.5, 0, 0.866025, 0, 0, 1, 0, 0, -0.866025, 0, -0.5, 0, -162.813, 0, -94, 1)","o":1,"x":510,"y":292,"w":112,"h":301},{"s":"DIV.absolute.inset-0#mythic-pack-icon.webp","tr":"matrix(1, 0, 0, 1, 0, 1.61102)","o":1,"x":510,"y":294,"w":112,"h":301},{"s":"DIV.absolute.left-0.top-full#mythic-pack-icon.webp","tr":"matrix(1, 0, 0, -1, 0, 0)","o":0.2,"x":510,"y":575,"w":112,"h":322},{"s":"DIV.absolute.inset-0#mythic-pack-icon.webp","tr":"matrix3d(0.5, 0, 0.866025, 0, 0, 1, 0, 0, -0.866025, 0, 0.5, 0, -162.813, 0, 94, 1)","o":1,"x":506,"y":261,"w":78,"h":363},{"s":"DIV.absolute.inset-0#mythic-pack-icon.webp","tr":"matrix(1, 0, 0, 1, 0, 1.61102)","o":1,"x":506,"y":263,"w":78,"h":363},{"s":"DIV.absolute.left-0.top-full#mythic-pack-icon.webp","tr":"matrix(1, 0, 0, -1, 0, 0)","o":0.2,"x":506,"y":598,"w":78,"h":392}],"txt":"⇄ Shuffle DRAG TO SPIN · TAP A PACK TO OPEN"},{"t":107.9,"n":[{"s":"DIV.absolute.inset-0#mythic-pack-icon.webp","tr":"matrix(1, 0, 0, 1, 0, 0)","o":1,"x":622,"y":291,"w":196,"h":304},{"s":"DIV.absolute.inset-0#mythic-pack-icon.webp","tr":"matrix3d(1, 0, 0, 0, 0, 1, 0, 0, 0, 0, 1, 0, 0, 0, 188, 1)","o":1,"x":602,"y":259,"w":236,"h":367},{"s":"DIV.absolute.inset-0#mythic-pack-icon.webp","tr":"matrix(1, 0, 0, 1, 0, 1.57973)","o":1,"x":602,"y":261,"w":236,"h":367},{"s":"DIV.absolute.left-0.top-full#mythic-pack-icon.webp","tr":"matrix(1, 0, 0, -1, 0, 0)","o":0.2,"x":602,"y":628,"w":236,"h":367},{"s":"DIV.absolute.inset-0#mythic-pack-icon.webp","tr":"matrix3d(0.5, 0, -0.866025, 0, 0, 1, 0, 0, 0.866025, 0, 0.5, 0, 162.813, 0, 94, 1)","o":1,"x":856,"y":261,"w":78,"h":363},{"s":"DIV.absolute.inset-0#mythic-pack-icon.webp","tr":"matrix(1, 0, 0, 1, 0, 1.57973)","o":1,"x":856,"y":263,"w":78,"h":363},{"s":"DIV.absolute.left-0.top-full#mythic-pack-icon.webp","tr":"matrix(1, 0, 0, -1, 0, 0)","o":0.2,"x":856,"y":598,"w":78,"h":392},{"s":"DIV.absolute.inset-0#mythic-pack-icon.webp","tr":"matrix3d(-0.5, 0, -0.866025, 0, 0, 1, 0, 0, 0.866025, 0, -0.5, 0, 162.813, 0, -94, 1)","o":1,"x":818,"y":292,"w":112,"h":301},{"s":"DIV.absolute.inset-0#mythic-pack-icon.webp","tr":"matrix(1, 0, 0, 1, 0, 1.57973)","o":1,"x":818,"y":294,"w":112,"h":301},{"s":"DIV.absolute.left-0.top-full#mythic-pack-icon.webp","tr":"matrix(1, 0, 0, -1, 0, 0)","o":0.2,"x":818,"y":575,"w":112,"h":322},{"s":"DIV.absolute.inset-0#mythic-pack-icon.webp","tr":"matrix3d(-1, 0, 0, 0, 0, 1, 0, 0, 0, 0, -1, 0, 0, 0, -188, 1)","o":1,"x":636,"y":313,"w":167,"h":260},{"s":"DIV.absolute.inset-0#mythic-pack-icon.webp","tr":"matrix(1, 0, 0, 1, 0, 1.57973)","o":1,"x":636,"y":314,"w":167,"h":260},{"s":"DIV.absolute.left-0.top-full#mythic-pack-icon.webp","tr":"matrix(1, 0, 0, -1, 0, 0)","o":0.2,"x":636,"y":574,"w":167,"h":260},{"s":"DIV.absolute.inset-0#mythic-pack-icon.webp","tr":"matrix3d(-0.5, 0, 0.866025, 0, 0, 1, 0, 0, -0.866025, 0, -0.5, 0, -162.813, 0, -94, 1)","o":1,"x":510,"y":292,"w":112,"h":301},{"s":"DIV.absolute.inset-0#mythic-pack-icon.webp","tr":"matrix(1, 0, 0, 1, 0, 1.57973)","o":1,"x":510,"y":294,"w":112,"h":301},{"s":"DIV.absolute.left-0.top-full#mythic-pack-icon.webp","tr":"matrix(1, 0, 0, -1, 0, 0)","o":0.2,"x":510,"y":575,"w":112,"h":322},{"s":"DIV.absolute.inset-0#mythic-pack-icon.webp","tr":"matrix3d(0.5, 0, 0.866025, 0, 0, 1, 0, 0, -0.866025, 0, 0.5, 0, -162.813, 0, 94, 1)","o":1,"x":506,"y":261,"w":78,"h":363},{"s":"DIV.absolute.inset-0#mythic-pack-icon.webp","tr":"matrix(1, 0, 0, 1, 0, 1.57973)","o":1,"x":506,"y":263,"w":78,"h":363},{"s":"DIV.absolute.left-0.top-full#mythic-pack-icon.webp","tr":"matrix(1, 0, 0, -1, 0, 0)","o":0.2,"x":506,"y":598,"w":78,"h":392}],"txt":"⇄ Shuffle DRAG TO SPIN · TAP A PACK TO OPEN"},{"t":124.3,"n":[{"s":"DIV.absolute.inset-0#mythic-pack-icon.webp","tr":"matrix(1, 0, 0, 1, 0, 0)","o":1,"x":622,"y":291,"w":196,"h":304},{"s":"DIV.absolute.inset-0#mythic-pack-icon.webp","tr":"matrix3d(1, 0, 0, 0, 0, 1, 0, 0, 0, 0, 1, 0, 0, 0, 188, 1)","o":1,"x":602,"y":259,"w":236,"h":367},{"s":"DIV.absolute.inset-0#mythic-pack-icon.webp","tr":"matrix(1, 0, 0, 1, 0, 1.54552)","o":1,"x":602,"y":261,"w":236,"h":367},{"s":"DIV.absolute.left-0.top-full#mythic-pack-icon.webp","tr":"matrix(1, 0, 0, -1, 0, 0)","o":0.2,"x":602,"y":628,"w":236,"h":367},{"s":"DIV.absolute.inset-0#mythic-pack-icon.webp","tr":"matrix3d(0.5, 0, -0.866025, 0, 0, 1, 0, 0, 0.866025, 0, 0.5, 0, 162.813, 0, 94, 1)","o":1,"x":856,"y":261,"w":78,"h":363},{"s":"DIV.absolute.inset-0#mythic-pack-icon.webp","tr":"matrix(1, 0, 0, 1, 0, 1.54552)","o":1,"x":856,"y":263,"w":78,"h":363},{"s":"DIV.absolute.left-0.top-full#mythic-pack-icon.webp","tr":"matrix(1, 0, 0, -1, 0, 0)","o":0.2,"x":856,"y":598,"w":78,"h":392},{"s":"DIV.absolute.inset-0#mythic-pack-icon.webp","tr":"matrix3d(-0.5, 0, -0.866025, 0, 0, 1, 0, 0, 0.866025, 0, -0.5, 0, 162.813, 0, -94, 1)","o":1,"x":818,"y":292,"w":112,"h":301},{"s":"DIV.absolute.inset-0#mythic-pack-icon.webp","tr":"matrix(1, 0, 0, 1, 0, 1.54552)","o":1,"x":818,"y":294,"w":112,"h":301},{"s":"DIV.absolute.left-0.top-full#mythic-pack-icon.webp","tr":"matrix(1, 0, 0, -1, 0, 0)","o":0.2,"x":818,"y":575,"w":112,"h":322},{"s":"DIV.absolute.inset-0#mythic-pack-icon.webp","tr":"matrix3d(-1, 0, 0, 0, 0, 1, 0, 0, 0, 0, -1, 0, 0, 0, -188, 1)","o":1,"x":636,"y":313,"w":167,"h":260},{"s":"DIV.absolute.inset-0#mythic-pack-icon.webp","tr":"matrix(1, 0, 0, 1, 0, 1.54552)","o":1,"x":636,"y":314,"w":167,"h":260},{"s":"DIV.absolute.left-0.top-full#mythic-pack-icon.webp","tr":"matrix(1, 0, 0, -1, 0, 0)","o":0.2,"x":636,"y":574,"w":167,"h":260},{"s":"DIV.absolute.inset-0#mythic-pack-icon.webp","tr":"matrix3d(-0.5, 0, 0.866025, 0, 0, 1, 0, 0, -0.866025, 0, -0.5, 0, -162.813, 0, -94, 1)","o":1,"x":510,"y":292,"w":112,"h":301},{"s":"DIV.absolute.inset-0#mythic-pack-icon.webp","tr":"matrix(1, 0, 0, 1, 0, 1.54552)","o":1,"x":510,"y":294,"w":112,"h":301},{"s":"DIV.absolute.left-0.top-full#mythic-pack-icon.webp","tr":"matrix(1, 0, 0, -1, 0, 0)","o":0.2,"x":510,"y":575,"w":112,"h":322},{"s":"DIV.absolute.inset-0#mythic-pack-icon.webp","tr":"matrix3d(0.5, 0, 0.866025, 0, 0, 1, 0, 0, -0.866025, 0, 0.5, 0, -162.813, 0, 94, 1)","o":1,"x":506,"y":261,"w":78,"h":363},{"s":"DIV.absolute.inset-0#mythic-pack-icon.webp","tr":"matrix(1, 0, 0, 1, 0, 1.54552)","o":1,"x":506,"y":263,"w":78,"h":363},{"s":"DIV.absolute.left-0.top-full#mythic-pack-icon.webp","tr":"matrix(1, 0, 0, -1, 0, 0)","o":0.2,"x":506,"y":598,"w":78,"h":392}],"txt":"⇄ Shuffle DRAG TO SPIN · TAP A PACK TO OPEN"},{"t":141,"n":[{"s":"DIV.absolute.inset-0#mythic-pack-icon.webp","tr":"matrix(1, 0, 0, 1, 0, 0)","o":1,"x":622,"y":291,"w":196,"h":304},{"s":"DIV.absolute.inset-0#mythic-pack-icon.webp","tr":"matrix3d(1, 0, 0, 0, 0, 1, 0, 0, 0, 0, 1, 0, 0, 0, 188, 1)","o":1,"x":602,"y":259,"w":236,"h":367},{"s":"DIV.absolute.inset-0#mythic-pack-icon.webp","tr":"matrix(1, 0, 0, 1, 0, 1.51269)","o":1,"x":602,"y":261,"w":236,"h":367},{"s":"DIV.absolute.left-0.top-full#mythic-pack-icon.webp","tr":"matrix(1, 0, 0, -1, 0, 0)","o":0.2,"x":602,"y":628,"w":236,"h":367},{"s":"DIV.absolute.inset-0#mythic-pack-icon.webp","tr":"matrix3d(0.5, 0, -0.866025, 0, 0, 1, 0, 0, 0.866025, 0, 0.5, 0, 162.813, 0, 94, 1)","o":1,"x":856,"y":261,"w":78,"h":363},{"s":"DIV.absolute.inset-0#mythic-pack-icon.webp","tr":"matrix(1, 0, 0, 1, 0, 1.51269)","o":1,"x":856,"y":263,"w":78,"h":363},{"s":"DIV.absolute.left-0.top-full#mythic-pack-icon.webp","tr":"matrix(1, 0, 0, -1, 0, 0)","o":0.2,"x":856,"y":598,"w":78,"h":392},{"s":"DIV.absolute.inset-0#mythic-pack-icon.webp","tr":"matrix3d(-0.5, 0, -0.866025, 0, 0, 1, 0, 0, 0.866025, 0, -0.5, 0, 162.813, 0, -94, 1)","o":1,"x":818,"y":292,"w":112,"h":301},{"s":"DIV.absolute.inset-0#mythic-pack-icon.webp","tr":"matrix(1, 0, 0, 1, 0, 1.51269)","o":1,"x":818,"y":294,"w":112,"h":301},{"s":"DIV.absolute.left-0.top-full#mythic-pack-icon.webp","tr":"matrix(1, 0, 0, -1, 0, 0)","o":0.2,"x":818,"y":575,"w":112,"h":322},{"s":"DIV.absolute.inset-0#mythic-pack-icon.webp","tr":"matrix3d(-1, 0, 0, 0, 0, 1, 0, 0, 0, 0, -1, 0, 0, 0, -188, 1)","o":1,"x":636,"y":313,"w":167,"h":260},{"s":"DIV.absolute.inset-0#mythic-pack-icon.webp","tr":"matrix(1, 0, 0, 1, 0, 1.51269)","o":1,"x":636,"y":314,"w":167,"h":260},{"s":"DIV.absolute.left-0.top-full#mythic-pack-icon.webp","tr":"matrix(1, 0, 0, -1, 0, 0)","o":0.2,"x":636,"y":574,"w":167,"h":260},{"s":"DIV.absolute.inset-0#mythic-pack-icon.webp","tr":"matrix3d(-0.5, 0, 0.866025, 0, 0, 1, 0, 0, -0.866025, 0, -0.5, 0, -162.813, 0, -94, 1)","o":1,"x":510,"y":292,"w":112,"h":301},{"s":"DIV.absolute.inset-0#mythic-pack-icon.webp","tr":"matrix(1, 0, 0, 1, 0, 1.51269)","o":1,"x":510,"y":294,"w":112,"h":301},{"s":"DIV.absolute.left-0.top-full#mythic-pack-icon.webp","tr":"matrix(1, 0, 0, -1, 0, 0)","o":0.2,"x":510,"y":575,"w":112,"h":322},{"s":"DIV.absolute.inset-0#mythic-pack-icon.webp","tr":"matrix3d(0.5, 0, 0.866025, 0, 0, 1, 0, 0, -0.866025, 0, 0.5, 0, -162.813, 0, 94, 1)","o":1,"x":506,"y":261,"w":78,"h":363},{"s":"DIV.absolute.inset-0#mythic-pack-icon.webp","tr":"matrix(1, 0, 0, 1, 0, 1.51269)","o":1,"x":506,"y":263,"w":78,"h":363},{"s":"DIV.absolute.left-0.top-full#mythic-pack-icon.webp","tr":"matrix(1, 0, 0, -1, 0, 0)","o":0.2,"x":506,"y":598,"w":78,"h":392}],"txt":"⇄ Shuffle DRAG TO SPIN · TAP A PACK TO OPEN"},{"t":157.4,"n":[{"s":"DIV.absolute.inset-0#mythic-pack-icon.webp","tr":"matrix(1, 0, 0, 1, 0, 0)","o":1,"x":622,"y":291,"w":196,"h":304},{"s":"DIV.absolute.inset-0#mythic-pack-icon.webp","tr":"matrix3d(1, 0, 0, 0, 0, 1, 0, 0, 0, 0, 1, 0, 0, 0, 188, 1)","o":1,"x":602,"y":259,"w":236,"h":367},{"s":"DIV.absolute.inset-0#mythic-pack-icon.webp","tr":"matrix(1, 0, 0, 1, 0, 1.47688)","o":1,"x":602,"y":261,"w":236,"h":367},{"s":"DIV.absolute.left-0.top-full#mythic-pack-icon.webp","tr":"matrix(1, 0, 0, -1, 0, 0)","o":0.2,"x":602,"y":628,"w":236,"h":367},{"s":"DIV.absolute.inset-0#mythic-pack-icon.webp","tr":"matrix3d(0.5, 0, -0.866025, 0, 0, 1, 0, 0, 0.866025, 0, 0.5, 0, 162.813, 0, 94, 1)","o":1,"x":856,"y":261,"w":78,"h":363},{"s":"DIV.absolute.inset-0#mythic-pack-icon.webp","tr":"matrix(1, 0, 0, 1, 0, 1.47688)","o":1,"x":856,"y":263,"w":78,"h":363},{"s":"DIV.absolute.left-0.top-full#mythic-pack-icon.webp","tr":"matrix(1, 0, 0, -1, 0, 0)","o":0.2,"x":856,"y":598,"w":78,"h":392},{"s":"DIV.absolute.inset-0#mythic-pack-icon.webp","tr":"matrix3d(-0.5, 0, -0.866025, 0, 0, 1, 0, 0, 0.866025, 0, -0.5, 0, 162.813, 0, -94, 1)","o":1,"x":818,"y":292,"w":112,"h":301},{"s":"DIV.absolute.inset-0#mythic-pack-icon.webp","tr":"matrix(1, 0, 0, 1, 0, 1.47688)","o":1,"x":818,"y":293,"w":112,"h":301},{"s":"DIV.absolute.left-0.top-full#mythic-pack-icon.webp","tr":"matrix(1, 0, 0, -1, 0, 0)","o":0.2,"x":818,"y":575,"w":112,"h":322},{"s":"DIV.absolute.inset-0#mythic-pack-icon.webp","tr":"matrix3d(-1, 0, 0, 0, 0, 1, 0, 0, 0, 0, -1, 0, 0, 0, -188, 1)","o":1,"x":636,"y":313,"w":167,"h":260},{"s":"DIV.absolute.inset-0#mythic-pack-icon.webp","tr":"matrix(1, 0, 0, 1, 0, 1.47688)","o":1,"x":636,"y":314,"w":167,"h":260},{"s":"DIV.absolute.left-0.top-full#mythic-pack-icon.webp","tr":"matrix(1, 0, 0, -1, 0, 0)","o":0.2,"x":636,"y":574,"w":167,"h":260},{"s":"DIV.absolute.inset-0#mythic-pack-icon.webp","tr":"matrix3d(-0.5, 0, 0.866025, 0, 0, 1, 0, 0, -0.866025, 0, -0.5, 0, -162.813, 0, -94, 1)","o":1,"x":510,"y":292,"w":112,"h":301},{"s":"DIV.absolute.inset-0#mythic-pack-icon.webp","tr":"matrix(1, 0, 0, 1, 0, 1.47688)","o":1,"x":510,"y":293,"w":112,"h":301},{"s":"DIV.absolute.left-0.top-full#mythic-pack-icon.webp","tr":"matrix(1, 0, 0, -1, 0, 0)","o":0.2,"x":510,"y":575,"w":112,"h":322},{"s":"DIV.absolute.inset-0#mythic-pack-icon.webp","tr":"matrix3d(0.5, 0, 0.866025, 0, 0, 1, 0, 0, -0.866025, 0, 0.5, 0, -162.813, 0, 94, 1)","o":1,"x":506,"y":261,"w":78,"h":363},{"s":"DIV.absolute.inset-0#mythic-pack-icon.webp","tr":"matrix(1, 0, 0, 1, 0, 1.47688)","o":1,"x":506,"y":263,"w":78,"h":363},{"s":"DIV.absolute.left-0.top-full#mythic-pack-icon.webp","tr":"matrix(1, 0, 0, -1, 0, 0)","o":0.2,"x":506,"y":598,"w":78,"h":392}],"txt":"⇄ Shuffle DRAG TO SPIN · TAP A PACK TO OPEN"},{"t":174.8,"n":[{"s":"DIV.absolute.inset-0#mythic-pack-icon.webp","tr":"matrix(1, 0, 0, 1, 0, 0)","o":1,"x":622,"y":291,"w":196,"h":304},{"s":"DIV.absolute.inset-0#mythic-pack-icon.webp","tr":"matrix3d(1, 0, 0, 0, 0, 1, 0, 0, 0, 0, 1, 0, 0, 0, 188, 1)","o":1,"x":602,"y":259,"w":236,"h":367},{"s":"DIV.absolute.inset-0#mythic-pack-icon.webp","tr":"matrix(1, 0, 0, 1, 0, 1.43797)","o":1,"x":602,"y":261,"w":236,"h":367},{"s":"DIV.absolute.left-0.top-full#mythic-pack-icon.webp","tr":"matrix(1, 0, 0, -1, 0, 0)","o":0.2,"x":602,"y":628,"w":236,"h":367},{"s":"DIV.absolute.inset-0#mythic-pack-icon.webp","tr":"matrix3d(0.5, 0, -0.866025, 0, 0, 1, 0, 0, 0.866025, 0, 0.5, 0, 162.813, 0, 94, 1)","o":1,"x":856,"y":261,"w":78,"h":363},{"s":"DIV.absolute.inset-0#mythic-pack-icon.webp","tr":"matrix(1, 0, 0, 1, 0, 1.43797)","o":1,"x":856,"y":263,"w":78,"h":363},{"s":"DIV.absolute.left-0.top-full#mythic-pack-icon.webp","tr":"matrix(1, 0, 0, -1, 0, 0)","o":0.2,"x":856,"y":597,"w":78,"h":392},{"s":"DIV.absolute.inset-0#mythic-pack-icon.webp","tr":"matrix3d(-0.5, 0, -0.866025, 0, 0, 1, 0, 0, 0.866025, 0, -0.5, 0, 162.813, 0, -94, 1)","o":1,"x":818,"y":292,"w":112,"h":301},{"s":"DIV.absolute.inset-0#mythic-pack-icon.webp","tr":"matrix(1, 0, 0, 1, 0, 1.43797)","o":1,"x":818,"y":293,"w":112,"h":301},{"s":"DIV.absolute.left-0.top-full#mythic-pack-icon.webp","tr":"matrix(1, 0, 0, -1, 0, 0)","o":0.2,"x":818,"y":575,"w":112,"h":322},{"s":"DIV.absolute.inset-0#mythic-pack-icon.webp","tr":"matrix3d(-1, 0, 0, 0, 0, 1, 0, 0, 0, 0, -1, 0, 0, 0, -188, 1)","o":1,"x":636,"y":313,"w":167,"h":260},{"s":"DIV.absolute.inset-0#mythic-pack-icon.webp","tr":"matrix(1, 0, 0, 1, 0, 1.43797)","o":1,"x":636,"y":314,"w":167,"h":260},{"s":"DIV.absolute.left-0.top-full#mythic-pack-icon.webp","tr":"matrix(1, 0, 0, -1, 0, 0)","o":0.2,"x":636,"y":574,"w":167,"h":260},{"s":"DIV.absolute.inset-0#mythic-pack-icon.webp","tr":"matrix3d(-0.5, 0, 0.866025, 0, 0, 1, 0, 0, -0.866025, 0, -0.5, 0, -162.813, 0, -94, 1)","o":1,"x":510,"y":292,"w":112,"h":301},{"s":"DIV.absolute.inset-0#mythic-pack-icon.webp","tr":"matrix(1, 0, 0, 1, 0, 1.43797)","o":1,"x":510,"y":293,"w":112,"h":301},{"s":"DIV.absolute.left-0.top-full#mythic-pack-icon.webp","tr":"matrix(1, 0, 0, -1, 0, 0)","o":0.2,"x":510,"y":575,"w":112,"h":322},{"s":"DIV.absolute.inset-0#mythic-pack-icon.webp","tr":"matrix3d(0.5, 0, 0.866025, 0, 0, 1, 0, 0, -0.866025, 0, 0.5, 0, -162.813, 0, 94, 1)","o":1,"x":506,"y":261,"w":78,"h":363},{"s":"DIV.absolute.inset-0#mythic-pack-icon.webp","tr":"matrix(1, 0, 0, 1, 0, 1.43797)","o":1,"x":506,"y":263,"w":78,"h":363},{"s":"DIV.absolute.left-0.top-full#mythic-pack-icon.webp","tr":"matrix(1, 0, 0, -1, 0, 0)","o":0.2,"x":506,"y":597,"w":78,"h":392}],"txt":"⇄ Shuffle DRAG TO SPIN · TAP A PACK TO OPEN"},{"t":191.2,"n":[{"s":"DIV.absolute.inset-0#mythic-pack-icon.webp","tr":"matrix(1, 0, 0, 1, 0, 0)","o":1,"x":622,"y":291,"w":196,"h":304},{"s":"DIV.absolute.inset-0#mythic-pack-icon.webp","tr":"matrix3d(1, 0, 0, 0, 0, 1, 0, 0, 0, 0, 1, 0, 0, 0, 188, 1)","o":1,"x":602,"y":259,"w":236,"h":367},{"s":"DIV.absolute.inset-0#mythic-pack-icon.webp","tr":"matrix(1, 0, 0, 1, 0, 1.40056)","o":1,"x":602,"y":261,"w":236,"h":367},{"s":"DIV.absolute.left-0.top-full#mythic-pack-icon.webp","tr":"matrix(1, 0, 0, -1, 0, 0)","o":0.2,"x":602,"y":628,"w":236,"h":367},{"s":"DIV.absolute.inset-0#mythic-pack-icon.webp","tr":"matrix3d(0.5, 0, -0.866025, 0, 0, 1, 0, 0, 0.866025, 0, 0.5, 0, 162.813, 0, 94, 1)","o":1,"x":856,"y":261,"w":78,"h":363},{"s":"DIV.absolute.inset-0#mythic-pack-icon.webp","tr":"matrix(1, 0, 0, 1, 0, 1.40056)","o":1,"x":856,"y":263,"w":78,"h":363},{"s":"DIV.absolute.left-0.top-full#mythic-pack-icon.webp","tr":"matrix(1, 0, 0, -1, 0, 0)","o":0.2,"x":856,"y":597,"w":78,"h":392},{"s":"DIV.absolute.inset-0#mythic-pack-icon.webp","tr":"matrix3d(-0.5, 0, -0.866025, 0, 0, 1, 0, 0, 0.866025, 0, -0.5, 0, 162.813, 0, -94, 1)","o":1,"x":818,"y":292,"w":112,"h":301},{"s":"DIV.absolute.inset-0#mythic-pack-icon.webp","tr":"matrix(1, 0, 0, 1, 0, 1.40056)","o":1,"x":818,"y":293,"w":112,"h":301},{"s":"DIV.absolute.left-0.top-full#mythic-pack-icon.webp","tr":"matrix(1, 0, 0, -1, 0, 0)","o":0.2,"x":818,"y":575,"w":112,"h":322},{"s":"DIV.absolute.inset-0#mythic-pack-icon.webp","tr":"matrix3d(-1, 0, 0, 0, 0, 1, 0, 0, 0, 0, -1, 0, 0, 0, -188, 1)","o":1,"x":636,"y":313,"w":167,"h":260},{"s":"DIV.absolute.inset-0#mythic-pack-icon.webp","tr":"matrix(1, 0, 0, 1, 0, 1.40056)","o":1,"x":636,"y":314,"w":167,"h":260},{"s":"DIV.absolute.left-0.top-full#mythic-pack-icon.webp","tr":"matrix(1, 0, 0, -1, 0, 0)","o":0.2,"x":636,"y":574,"w":167,"h":260},{"s":"DIV.absolute.inset-0#mythic-pack-icon.webp","tr":"matrix3d(-0.5, 0, 0.866025, 0, 0, 1, 0, 0, -0.866025, 0, -0.5, 0, -162.813, 0, -94, 1)","o":1,"x":510,"y":292,"w":112,"h":301},{"s":"DIV.absolute.inset-0#mythic-pack-icon.webp","tr":"matrix(1, 0, 0, 1, 0, 1.40056)","o":1,"x":510,"y":293,"w":112,"h":301},{"s":"DIV.absolute.left-0.top-full#mythic-pack-icon.webp","tr":"matrix(1, 0, 0, -1, 0, 0)","o":0.2,"x":510,"y":575,"w":112,"h":322},{"s":"DIV.absolute.inset-0#mythic-pack-icon.webp","tr":"matrix3d(0.5, 0, 0.866025, 0, 0, 1, 0, 0, -0.866025, 0, 0.5, 0, -162.813, 0, 94, 1)","o":1,"x":506,"y":261,"w":78,"h":363},{"s":"DIV.absolute.inset-0#mythic-pack-icon.webp","tr":"matrix(1, 0, 0, 1, 0, 1.40056)","o":1,"x":506,"y":263,"w":78,"h":363},{"s":"DIV.absolute.left-0.top-full#mythic-pack-icon.webp","tr":"matrix(1, 0, 0, -1, 0, 0)","o":0.2,"x":506,"y":597,"w":78,"h":392}],"txt":"⇄ Shuffle DRAG TO SPIN · TAP A PACK TO OPEN"},{"t":207.9,"n":[{"s":"DIV.absolute.inset-0#mythic-pack-icon.webp","tr":"matrix(1, 0, 0, 1, 0, 0)","o":1,"x":622,"y":291,"w":196,"h":304},{"s":"DIV.absolute.inset-0#mythic-pack-icon.webp","tr":"matrix3d(1, 0, 0, 0, 0, 1, 0, 0, 0, 0, 1, 0, 0, 0, 188, 1)","o":1,"x":602,"y":259,"w":236,"h":367},{"s":"DIV.absolute.inset-0#mythic-pack-icon.webp","tr":"matrix(1, 0, 0, 1, 0, 1.36241)","o":1,"x":602,"y":261,"w":236,"h":367},{"s":"DIV.absolute.left-0.top-full#mythic-pack-icon.webp","tr":"matrix(1, 0, 0, -1, 0, 0)","o":0.2,"x":602,"y":628,"w":236,"h":367},{"s":"DIV.absolute.inset-0#mythic-pack-icon.webp","tr":"matrix3d(0.5, 0, -0.866025, 0, 0, 1, 0, 0, 0.866025, 0, 0.5, 0, 162.813, 0, 94, 1)","o":1,"x":856,"y":261,"w":78,"h":363},{"s":"DIV.absolute.inset-0#mythic-pack-icon.webp","tr":"matrix(1, 0, 0, 1, 0, 1.36241)","o":1,"x":856,"y":263,"w":78,"h":363},{"s":"DIV.absolute.left-0.top-full#mythic-pack-icon.webp","tr":"matrix(1, 0, 0, -1, 0, 0)","o":0.2,"x":856,"y":597,"w":78,"h":392},{"s":"DIV.absolute.inset-0#mythic-pack-icon.webp","tr":"matrix3d(-0.5, 0, -0.866025, 0, 0, 1, 0, 0, 0.866025, 0, -0.5, 0, 162.813, 0, -94, 1)","o":1,"x":818,"y":292,"w":112,"h":301},{"s":"DIV.absolute.inset-0#mythic-pack-icon.webp","tr":"matrix(1, 0, 0, 1, 0, 1.36241)","o":1,"x":818,"y":293,"w":112,"h":301},{"s":"DIV.absolute.left-0.top-full#mythic-pack-icon.webp","tr":"matrix(1, 0, 0, -1, 0, 0)","o":0.2,"x":818,"y":575,"w":112,"h":322},{"s":"DIV.absolute.inset-0#mythic-pack-icon.webp","tr":"matrix3d(-1, 0, 0, 0, 0, 1, 0, 0, 0, 0, -1, 0, 0, 0, -188, 1)","o":1,"x":636,"y":313,"w":167,"h":260},{"s":"DIV.absolute.inset-0#mythic-pack-icon.webp","tr":"matrix(1, 0, 0, 1, 0, 1.36241)","o":1,"x":636,"y":314,"w":167,"h":260},{"s":"DIV.absolute.left-0.top-full#mythic-pack-icon.webp","tr":"matrix(1, 0, 0, -1, 0, 0)","o":0.2,"x":636,"y":574,"w":167,"h":260},{"s":"DIV.absolute.inset-0#mythic-pack-icon.webp","tr":"matrix3d(-0.5, 0, 0.866025, 0, 0, 1, 0, 0, -0.866025, 0, -0.5, 0, -162.813, 0, -94, 1)","o":1,"x":510,"y":292,"w":112,"h":301},{"s":"DIV.absolute.inset-0#mythic-pack-icon.webp","tr":"matrix(1, 0, 0, 1, 0, 1.36241)","o":1,"x":510,"y":293,"w":112,"h":301},{"s":"DIV.absolute.left-0.top-full#mythic-pack-icon.webp","tr":"matrix(1, 0, 0, -1, 0, 0)","o":0.2,"x":510,"y":575,"w":112,"h":322},{"s":"DIV.absolute.inset-0#mythic-pack-icon.webp","tr":"matrix3d(0.5, 0, 0.866025, 0, 0, 1, 0, 0, -0.866025, 0, 0.5, 0, -162.813, 0, 94, 1)","o":1,"x":506,"y":261,"w":78,"h":363},{"s":"DIV.absolute.inset-0#mythic-pack-icon.webp","tr":"matrix(1, 0, 0, 1, 0, 1.36241)","o":1,"x":506,"y":263,"w":78,"h":363},{"s":"DIV.absolute.left-0.top-full#mythic-pack-icon.webp","tr":"matrix(1, 0, 0, -1, 0, 0)","o":0.2,"x":506,"y":597,"w":78,"h":392}],"txt":"⇄ Shuffle DRAG TO SPIN · TAP A PACK TO OPEN"},{"t":224.7,"n":[{"s":"DIV.absolute.inset-0#mythic-pack-icon.webp","tr":"matrix(1, 0, 0, 1, 0, 0)","o":1,"x":622,"y":291,"w":196,"h":304},{"s":"DIV.absolute.inset-0#mythic-pack-icon.webp","tr":"matrix3d(1, 0, 0, 0, 0, 1, 0, 0, 0, 0, 1, 0, 0, 0, 188, 1)","o":1,"x":602,"y":259,"w":236,"h":367},{"s":"DIV.absolute.inset-0#mythic-pack-icon.webp","tr":"matrix(1, 0, 0, 1, 0, 1.32354)","o":1,"x":602,"y":261,"w":236,"h":367},{"s":"DIV.absolute.left-0.top-full#mythic-pack-icon.webp","tr":"matrix(1, 0, 0, -1, 0, 0)","o":0.2,"x":602,"y":628,"w":236,"h":367},{"s":"DIV.absolute.inset-0#mythic-pack-icon.webp","tr":"matrix3d(0.5, 0, -0.866025, 0, 0, 1, 0, 0, 0.866025, 0, 0.5, 0, 162.813, 0, 94, 1)","o":1,"x":856,"y":261,"w":78,"h":363},{"s":"DIV.absolute.inset-0#mythic-pack-icon.webp","tr":"matrix(1, 0, 0, 1, 0, 1.32354)","o":1,"x":856,"y":263,"w":78,"h":363},{"s":"DIV.absolute.left-0.top-full#mythic-pack-icon.webp","tr":"matrix(1, 0, 0, -1, 0, 0)","o":0.2,"x":856,"y":597,"w":78,"h":392},{"s":"DIV.absolute.inset-0#mythic-pack-icon.webp","tr":"matrix3d(-0.5, 0, -0.866025, 0, 0, 1, 0, 0, 0.866025, 0, -0.5, 0, 162.813, 0, -94, 1)","o":1,"x":818,"y":292,"w":112,"h":301},{"s":"DIV.absolute.inset-0#mythic-pack-icon.webp","tr":"matrix(1, 0, 0, 1, 0, 1.32354)","o":1,"x":818,"y":293,"w":112,"h":301},{"s":"DIV.absolute.left-0.top-full#mythic-pack-icon.webp","tr":"matrix(1, 0, 0, -1, 0, 0)","o":0.2,"x":818,"y":575,"w":112,"h":322},{"s":"DIV.absolute.inset-0#mythic-pack-icon.webp","tr":"matrix3d(-1, 0, 0, 0, 0, 1, 0, 0, 0, 0, -1, 0, 0, 0, -188, 1)","o":1,"x":636,"y":313,"w":167,"h":260},{"s":"DIV.absolute.inset-0#mythic-pack-icon.webp","tr":"matrix(1, 0, 0, 1, 0, 1.32354)","o":1,"x":636,"y":314,"w":167,"h":260},{"s":"DIV.absolute.left-0.top-full#mythic-pack-icon.webp","tr":"matrix(1, 0, 0, -1, 0, 0)","o":0.2,"x":636,"y":574,"w":167,"h":260},{"s":"DIV.absolute.inset-0#mythic-pack-icon.webp","tr":"matrix3d(-0.5, 0, 0.866025, 0, 0, 1, 0, 0, -0.866025, 0, -0.5, 0, -162.813, 0, -94, 1)","o":1,"x":510,"y":292,"w":112,"h":301},{"s":"DIV.absolute.inset-0#mythic-pack-icon.webp","tr":"matrix(1, 0, 0, 1, 0, 1.32354)","o":1,"x":510,"y":293,"w":112,"h":301},{"s":"DIV.absolute.left-0.top-full#mythic-pack-icon.webp","tr":"matrix(1, 0, 0, -1, 0, 0)","o":0.2,"x":510,"y":575,"w":112,"h":322},{"s":"DIV.absolute.inset-0#mythic-pack-icon.webp","tr":"matrix3d(0.5, 0, 0.866025, 0, 0, 1, 0, 0, -0.866025, 0, 0.5, 0, -162.813, 0, 94, 1)","o":1,"x":506,"y":261,"w":78,"h":363},{"s":"DIV.absolute.inset-0#mythic-pack-icon.webp","tr":"matrix(1, 0, 0, 1, 0, 1.32354)","o":1,"x":506,"y":263,"w":78,"h":363},{"s":"DIV.absolute.left-0.top-full#mythic-pack-icon.webp","tr":"matrix(1, 0, 0, -1, 0, 0)","o":0.2,"x":506,"y":597,"w":78,"h":392}],"txt":"⇄ Shuffle DRAG TO SPIN · TAP A PACK TO OPEN"},{"t":242,"n":[{"s":"DIV.absolute.inset-0#mythic-pack-icon.webp","tr":"matrix(1, 0, 0, 1, 0, 0)","o":1,"x":622,"y":291,"w":196,"h":304},{"s":"DIV.absolute.inset-0#mythic-pack-icon.webp","tr":"matrix3d(1, 0, 0, 0, 0, 1, 0, 0, 0, 0, 1, 0, 0, 0, 188, 1)","o":1,"x":602,"y":259,"w":236,"h":367},{"s":"DIV.absolute.inset-0#mythic-pack-icon.webp","tr":"matrix(1, 0, 0, 1, 0, 1.28148)","o":1,"x":602,"y":261,"w":236,"h":367},{"s":"DIV.absolute.left-0.top-full#mythic-pack-icon.webp","tr":"matrix(1, 0, 0, -1, 0, 0)","o":0.2,"x":602,"y":628,"w":236,"h":367},{"s":"DIV.absolute.inset-0#mythic-pack-icon.webp","tr":"matrix3d(0.5, 0, -0.866025, 0, 0, 1, 0, 0, 0.866025, 0, 0.5, 0, 162.813, 0, 94, 1)","o":1,"x":856,"y":261,"w":78,"h":363},{"s":"DIV.absolute.inset-0#mythic-pack-icon.webp","tr":"matrix(1, 0, 0, 1, 0, 1.28148)","o":1,"x":856,"y":263,"w":78,"h":363},{"s":"DIV.absolute.left-0.top-full#mythic-pack-icon.webp","tr":"matrix(1, 0, 0, -1, 0, 0)","o":0.2,"x":856,"y":597,"w":78,"h":392},{"s":"DIV.absolute.inset-0#mythic-pack-icon.webp","tr":"matrix3d(-0.5, 0, -0.866025, 0, 0, 1, 0, 0, 0.866025, 0, -0.5, 0, 162.813, 0, -94, 1)","o":1,"